3;2;1;40.9765035408;29.2663277186;5;1;9;7;0.00241851806641;8.7706861496;0.0379040241241;False
3;2;8;1809.53096079;1809.53096079;1;0;61;61;0.0137345790863;0.460258245468;0.503397941589;False
3;2;9;103.411253378;95.3317457571;3;1;6;6;0.00269603729248;0.0364916324615;0.142465114594;False
3;2;10;58.42794843;56.2154314141;5;1;11;10;0.00344896316528;22.6100132465;10.9158420563;False
3;2;11;162.042886018;162.042886018;1;0;10;10;0.00218987464905;0.103616714478;0.115052938461;False
3;2;13;81.5218676582;81.5218676582;1;0;6;6;0.00149512290955;0.0870449542999;0.128556966782;False
3;2;27;1101.84149698;1101.84149698;1;0;55;55;0.0122754573822;0.264329195023;0.306111097336;False
3;2;34;1253.98056097;1253.98056097;1;0;7;7;0.00219440460205;0.0462393760681;0.0644891262054;False
3;2;37;39.9999979623;30.7565960178;11;5;12;12;0.0055468082428;0.0879812240601;0.0763502120972;False
3;2;45;594.322449945;594.322449945;1;0;7;7;0.00246524810791;0.0513231754303;0.064572095871;False
3;2;50;183.696372231;183.696372231;1;0;9;9;0.00212526321411;0.0460879802704;0.0757999420166;False
3;2;66;46.00271691;33.4365978949;3;1;11;10;0.0033655166626;0.0555939674377;0.0532808303833;False
3;2;67;180.44238084;180.44238084;1;0;8;8;0.00158405303955;4.61944818497;4.62834215164;False
3;2;71;41.5574338236;32.2152364664;5;1;9;9;0.00270915031433;0.0576944351196;0.050106048584;False
3;2;75;40.0000030434;32.0728554525;11;4;12;12;0.004563331604;0.0808112621307;0.0644519329071;False
3;2;90;6640.10220857;6640.10220857;1;0;50;50;0.00929236412048;0.205259084702;0.235385894775;False
3;2;95;40.0000053253;28.6207111312;7;2;6;5;0.00247144699097;0.0554947853088;0.034698009491;False
3;2;100;4031.65302335;4031.65302335;1;0;3;3;0.000838994979858;0.0215952396393;0.0292978286743;False
3;2;114;44.9231121458;41.4391950979;3;1;11;10;0.00249528884888;0.0542938709259;0.0629208087921;False
3;2;122;3134.09549157;3134.09549157;1;0;12;12;0.00266265869141;12.5165326595;12.5284018517;False
3;2;128;55.8319714508;50.7598776474;5;1;8;8;0.00293517112732;20.2739019394;9.6300740242;False
3;2;133;71.9130425409;71.9130425409;1;0;4;4;0.00147700309753;0.0261733531952;0.0338039398193;False
3;2;135;435.909350486;60.7914556819;3;0;12;10;0.00288462638855;0.0601434707642;0.0491859912872;False
3;2;142;64.7834040157;52.0205533823;5;1;10;5;0.00299715995789;0.0994999408722;0.0500469207764;False
3;2;146;1174.13667508;1174.13667508;1;0;58;58;0.0110914707184;0.182101249695;0.2163438797;False
3;2;147;74.034822838;68.4615394573;9;4;9;9;0.00346493721008;0.0967302322388;0.0601260662079;False
3;2;148;105.945644498;105.945644498;1;0;4;4;0.00102806091309;0.0318167209625;0.0387630462646;False
3;2;149;324.408814147;324.408814147;1;0;6;6;0.00165414810181;4.43643593788;4.44599318504;False
3;2;150;3295.80650644;3295.80650644;1;0;5;5;0.00144934654236;0.0243139266968;0.032751083374;False
3;2;167;134.023868333;40.1050022581;3;0;14;11;0.00349855422974;0.108816862106;0.0879340171814;False
3;2;168;43.3877391446;38.6325045446;7;1;10;10;0.00402021408081;17.1294159889;0.055566072464;False
3;2;170;40.000001872;27.0343884602;9;4;9;9;0.0030665397644;0.0670418739319;0.0517809391022;False
3;2;172;3134.29100604;3134.29100604;1;0;9;9;0.00168561935425;0.0359361171722;0.0476410388947;False
3;2;176;39.9999783298;32.8725830312;13;5;10;10;0.00410842895508;0.0901141166687;0.0550351142883;False
3;2;191;104.50075;102.984426827;5;1;6;4;0.0034875869751;0.0481262207031;0.0356380939484;False
3;2;203;44.4360024707;33.754153852;3;1;10;10;0.00262236595154;0.0512866973877;0.059672832489;False
3;2;206;69.1698735615;63.3562349055;3;1;7;7;0.0020215511322;0.0669798851013;0.0741901397705;False
3;2;209;254.386227608;254.386227608;1;0;8;8;0.0028018951416;4.66760230064;4.6840069294;False
3;2;210;341.879666327;341.879666327;1;0;6;6;0.00135040283203;0.0292978286743;0.0391268730164;False
3;2;214;4490.8111802;4463.41942124;3;1;10;8;0.00291752815247;0.0667269229889;0.0578022003174;False
3;2;217;69.5346033262;64.022104134;9;4;9;9;0.00357961654663;0.122325897217;0.130192041397;False
3;2;219;109.828492553;109.828492553;1;0;12;12;0.00239729881287;0.0454299449921;0.0564239025116;False
3;2;220;4682.52872541;4682.52872541;1;0;71;71;0.0130391120911;0.207472324371;0.247825860977;False
3;2;227;1743.93634611;1743.93634611;1;0;7;7;0.00175714492798;0.0340094566345;0.0431888103485;False
3;2;232;613.766960523;613.766960523;1;0;13;13;0.00273823738098;0.112335920334;0.14549612999;False
3;2;236;9721.78051873;9721.78051873;1;0;14;14;0.00343728065491;0.0887212753296;0.111221075058;False
3;2;238;3593.87504497;3593.87504497;1;0;14;14;0.00276494026184;0.0569596290588;0.0687901973724;False
3;2;245;599.745156471;599.745156471;1;0;9;9;0.0031750202179;5.07254338264;9.92291212082;False
3;2;249;40.1029338619;33.3133744051;9;3;8;8;0.00484418869019;0.0896081924438;0.0745320320129;False
3;2;251;459.199209243;459.199205089;3;0;9;9;0.00249814987183;0.100611686707;0.0910091400146;False
3;2;271;3570.23493214;3570.23493214;1;0;3;3;0.000795125961304;0.0206761360168;0.0264639854431;False
3;2;276;44.5266407483;44.4936949599;3;1;14;14;0.0036461353302;0.0637662410736;0.0934619903564;False
3;2;278;39.9999928717;26.592749925;9;4;11;11;0.00550127029419;0.16995882988;0.136361122131;False
3;2;279;107.430628783;104.406547349;3;1;8;8;0.00272822380066;5.50012540817;0.250514030457;False
3;2;286;76.593401671;76.593401671;1;0;10;10;0.00203156471252;0.0627377033234;0.0825819969177;False
3;2;288;716.107602092;716.107602092;1;0;6;6;0.00139260292053;0.028507232666;0.0365839004517;False
3;2;289;4275.1157739;4275.1157739;1;0;21;21;0.00412631034851;0.0768654346466;0.0926840305328;False
3;2;311;39.999983474;28.1772639321;9;2;8;8;0.00336146354675;0.0784182548523;0.0811729431152;False
3;2;313;97.3564532289;97.3564532289;1;0;3;3;0.000897884368896;0.0285332202911;0.0479819774628;False
3;2;314;52.4034882241;45.3669036429;5;1;12;12;0.00336694717407;0.161633968353;0.148891925812;False
3;2;330;88.4374308495;84.3466146354;5;1;12;11;0.00327372550964;0.112649917603;0.0729448795319;False
3;2;332;8954.60911566;8954.60911566;1;0;29;29;0.00540280342102;0.10287976265;0.121778964996;False
3;2;341;281.407962799;39.8011460661;3;0;9;7;0.00270247459412;0.0915420055389;0.105888843536;False
3;2;346;58.7197658857;40.411328043;7;3;12;6;0.00395846366882;0.334605693817;0.105777978897;False
3;2;347;55.4147521534;41.0161783382;3;1;7;7;0.00173568725586;7.60348701477;3.86514592171;False
3;2;354;132.947019636;132.947019636;1;0;11;11;0.0025475025177;0.0555980205536;0.0698459148407;False
3;2;355;96.0352620882;69.1756497608;3;0;14;11;0.00338959693909;17.2272853851;4.00286006927;False
3;2;357;213.093292881;213.093292881;1;0;5;5;0.00105404853821;0.0260021686554;0.039176940918;False
3;2;360;138.753631445;138.753631445;1;0;6;6;0.00149631500244;0.0588176250458;0.0675048828125;False
3;2;370;386.145161888;351.172510176;3;1;10;8;0.00275278091431;20.0024573803;19.9896380901;False
3;2;372;13369.5092214;13369.5092214;1;0;80;80;0.0151424407959;0.253552436829;0.298906087875;False
3;2;378;39.9999813167;34.6981635392;13;5;14;14;0.0046398639679;0.0891184806824;0.0610709190369;False
3;2;393;40.000011011;25.3747800603;5;2;10;10;0.00253796577454;0.054872751236;0.04909491539;False
3;2;415;67.7179880847;61.079271589;7;2;9;9;0.00336027145386;0.109096050262;0.0948870182037;False
3;2;419;43.7256290194;41.8327021171;3;1;14;14;0.0039393901825;0.0499856472015;0.0617530345917;False
3;2;420;83.4106960232;74.4685133359;7;2;13;13;0.00391316413879;0.095495223999;0.0761849880219;False
3;2;422;278.359309238;278.359309238;1;0;7;7;0.00159525871277;0.04842710495;0.0607528686523;False
3;2;432;55.5601450729;55.115493747;5;2;10;10;0.00362300872803;0.122136831284;0.0931708812714;False
3;2;446;58.264608696;52.7212235252;3;1;10;10;0.00258708000183;0.0553410053253;0.0611178874969;False
3;2;453;97.8829508346;97.8829508346;1;0;3;3;0.000685214996338;3.97489905357;8.04863500595;False
3;2;478;92.2526998498;79.0364509897;3;1;9;9;0.00232791900635;0.0515747070312;0.0584590435028;False
3;2;480;45.1514350205;30.7641431964;3;0;8;6;0.00266528129578;8.17889475822;0.0325729846954;False
3;2;485;3261.3689985;3261.3689985;1;0;5;5;0.0014500617981;0.0181970596313;0.0250518321991;False
3;2;487;62.3570921446;62.3570921446;1;0;6;6;0.00129699707031;0.0300559997559;0.0382719039917;False
3;2;490;44.1419067867;37.5437404131;3;1;10;10;0.0027379989624;0.0472121238708;0.0532479286194;False
3;2;491;65.1418056475;65.0942769825;7;2;13;13;0.00377655029297;0.0928053855896;0.0637030601501;False
3;2;494;276.167533454;276.167533454;1;0;9;9;0.00205302238464;4.5914876461;4.60138082504;False
3;2;495;4118.19026794;4118.19026794;1;0;6;6;0.00191283226013;0.0333511829376;0.0428109169006;False
3;2;499;72.1256556536;69.432204415;5;2;8;8;0.00263857841492;0.0538566112518;0.0506398677826;False
3;2;506;69.6642459161;69.1006538514;5;2;9;9;0.00341391563416;9.14227485657;0.0589730739594;False
3;2;516;2089.91502297;2089.91502297;1;0;5;5;0.00129842758179;0.0322482585907;0.0444760322571;False
3;2;517;1317.26876944;1317.26876944;1;0;50;50;0.00890636444092;0.156611442566;0.186000823975;False
3;2;538;6883.26498882;6883.26498882;1;0;74;74;0.0138001441956;0.236358165741;0.278162002563;False
3;2;563;54.0178074592;48.657658819;5;2;12;12;0.0033004283905;0.0760068893433;0.078742980957;False
3;2;566;56.551026439;43.4370196007;3;1;13;12;0.00337934494019;0.0631248950958;0.0662760734558;False
3;2;569;4115.79213317;4115.79213317;1;0;4;4;0.00100421905518;0.0324771404266;0.0391020774841;False
3;2;570;43.7345421341;41.234421838;3;1;5;5;0.00182700157166;4.25860190392;9.30637907982;False
3;2;575;86.9786506487;84.6395105929;5;1;9;9;0.00304174423218;0.084995508194;0.0505249500275;False
3;2;578;39.9999906266;33.872566976;9;4;8;8;0.00367903709412;0.0629551410675;0.0471589565277;False
3;2;581;48.6985896443;36.4520031077;9;3;11;8;0.00417399406433;0.113448858261;0.0442180633545;False
3;2;588;2243.14574186;34.7511114738;5;0;15;13;0.00404405593872;0.128680467606;0.0631210803986;False
3;2;599;2709.89364941;2709.89364941;1;0;5;5;0.00139045715332;0.0343194007874;0.0416910648346;False
3;2;600;66.7039381384;60.605698005;3;0;9;9;0.00254106521606;0.0534248352051;0.0490410327911;False
3;2;605;2237.31468765;2237.31468765;1;0;5;5;0.0017614364624;0.272130012512;0.376780986786;False
3;2;608;47.3350576264;47.2043057253;3;1;10;10;0.00262522697449;0.0433061122894;0.049525976181;False
3;2;612;79.9053358079;77.8701462084;3;1;7;6;0.00255942344666;0.0452258586884;0.0490758419037;False
3;2;621;40.9323811751;35.8695415367;3;1;8;7;0.00280570983887;0.0521585941315;0.0493350028992;False
3;2;630;44.4600711333;38.3820992747;5;1;3;3;0.00153756141663;0.0424537658691;0.0312530994415;False
3;2;634;127.939082195;127.939082195;1;0;14;14;0.00266718864441;0.0622200965881;0.0773048400879;False
3;2;635;40.4399824076;35.5814633322;5;2;6;6;0.00284194946289;0.0413599014282;0.0392198562622;False
3;2;655;362.253269563;362.253269563;1;0;10;10;0.00200057029724;3.80392861366;7.59423804283;False
3;2;660;39.9999772875;28.7960742812;7;2;13;12;0.00474834442139;0.0740778446198;0.0669829845428;False
3;2;661;51.4081077772;43.5413025444;5;2;6;6;0.00213289260864;0.0456001758575;0.0410931110382;False
3;2;667;50.0201691274;45.0491444277;5;1;13;13;0.00341701507568;20.5180118084;14.4467439651;False
3;2;669;3185.28764268;3185.28764268;1;0;4;4;0.000991821289062;0.0192668437958;0.036544084549;False
3;2;684;181.463948516;181.463948516;1;0;14;14;0.00279188156128;0.0691478252411;0.0871338844299;False
3;2;687;40.0000063501;35.2579621944;9;4;12;12;0.00350451469421;0.0703368186951;0.0567100048065;False
3;2;688;82.3279191573;82.3279191573;1;0;4;4;0.000899314880371;0.0162246227264;0.024482011795;False
3;2;690;252.500547971;251.4915661;5;1;6;4;0.00206065177917;0.0325984954834;0.0199689865112;False
3;2;691;6794.41500988;6794.41500988;1;0;28;28;0.00486707687378;0.0793869495392;0.096647977829;False
3;2;699;43.8903416998;30.3905971924;7;2;11;10;0.00321817398071;4.20931744576;0.0494949817657;False
3;2;705;62.7138612698;47.6114095354;7;1;10;6;0.00282311439514;0.077024936676;0.0348429679871;False
3;2;708;2265.81703082;2265.81703082;1;0;83;83;0.0167102813721;80.9431712627;80.9950149059;False
3;2;716;47.6408967903;33.2530979825;3;1;12;12;0.00289916992188;0.0825362205505;0.0884139537811;False
3;2;720;44.6496707572;36.2986107013;7;2;8;7;0.00350069999695;4.33716511726;0.0494079589844;False
3;2;721;233.201162819;230.321389676;5;2;6;6;0.00209498405457;9.74169492722;5.22208595276;False
3;2;726;1076.76848904;1076.76848904;1;0;72;72;0.0137131214142;0.371410131454;0.417809009552;False
3;2;734;10046.4868213;10046.4868213;1;0;120;120;0.0231010913849;0.370125293732;0.436404943466;False
3;2;738;44.5192775117;37.7893669328;5;2;12;11;0.00353717803955;0.114605665207;0.14518404007;False
3;2;740;66.7115443804;66.7115443804;1;0;12;12;0.00254940986633;0.0850722789764;0.108368873596;False
3;2;743;7649.90804022;7649.90804022;1;0;66;66;0.0148241519928;0.317887067795;0.365621089935;False
3;2;747;169.709375604;169.709375604;1;0;13;13;0.004469871521;0.17281293869;0.227931976318;False
3;2;748;152.558284223;151.5015211;5;1;5;4;0.00196480751038;0.0534150600433;0.051687002182;False
3;2;758;79.5692265587;75.0129691085;5;1;8;6;0.00283169746399;8.55500674248;8.39244699478;False
3;2;763;443.921267188;443.921267188;1;0;12;12;0.00244235992432;13.5179579258;13.5303878784;False
3;2;767;1360.18635322;37.7637706744;3;0;13;10;0.00351119041443;0.105092287064;0.108617067337;False
3;2;782;81.4330007103;71.1733272631;5;0;18;17;0.00419425964355;0.0905003547668;0.0969169139862;False
3;2;785;83.5317236394;81.8733512102;9;2;11;10;0.00358152389526;0.130745172501;0.0651898384094;False
3;2;788;73.3445735726;73.2823435168;3;0;9;8;0.00206613540649;0.045253276825;0.0395781993866;False
3;2;795;176.512272939;176.512272939;1;0;12;12;0.00277018547058;0.0780136585236;0.0999479293823;False
3;2;815;3331.87114942;3331.87114942;1;0;5;5;0.00189423561096;0.0207018852234;0.0295429229736;False
3;2;838;3521.25180611;3521.25180611;1;0;7;7;0.00152182579041;0.0290944576263;0.0423951148987;False
3;2;843;76.2592838901;74.9725442555;3;1;8;8;0.00244069099426;0.0628499984741;0.0733489990234;False
3;2;850;315.844338458;56.1807121085;3;1;12;10;0.0029091835022;0.0800330638885;0.0650761127472;False
3;2;855;6882.39061806;6882.39061806;1;0;11;11;0.00255155563354;0.0515275001526;0.0621428489685;False
3;2;856;180.521757966;180.521757966;1;0;13;13;0.00322031974792;8.1024210453;8.1249358654;False
3;2;857;3502.53813638;3502.53813638;1;0;9;9;0.00250005722046;0.0477440357208;0.0582609176636;False
3;2;866;403.718501641;403.718501641;1;0;3;3;0.00091814994812;0.0281722545624;0.0364928245544;False
3;2;868;40.0000012334;32.9920412682;5;1;11;11;0.00330781936646;0.054505109787;0.0512931346893;False
3;2;870;175.391869077;175.391869077;1;0;8;8;0.00195479393005;0.0415256023407;0.0563578605652;False
3;2;874;40.0000154231;39.2509796195;9;3;8;6;0.00308918952942;0.0637369155884;0.0360519886017;False
3;2;893;8899.95527259;8899.95527259;1;0;99;99;0.0204200744629;0.379621982574;0.437555074692;False
3;2;895;485.816035502;485.816035502;1;0;4;4;0.00127196311951;0.0159182548523;0.0331890583038;False
3;2;897;91.0045225592;81.2356239511;3;1;7;5;0.0026421546936;4.47811508179;8.77998399734;False
3;2;898;46.5596343519;40.4780821142;5;2;14;14;0.00422739982605;0.0691995620728;0.0619380474091;False
3;2;899;39.9999896184;34.9118465237;9;4;9;9;0.00358963012695;0.0798971652985;0.0582120418549;False
3;2;900;67.2434253829;52.2945474411;3;1;14;14;0.00291585922241;0.0751414299011;0.099004983902;False
3;2;906;114.046775218;78.0604628814;3;0;8;6;0.00241851806641;0.0509302616119;0.0347230434418;False
3;2;908;134.37474557;134.37474557;1;0;8;8;0.00177836418152;0.0399990081787;0.0679168701172;False
3;2;917;41.9789867033;28.095938897;3;0;14;14;0.00376486778259;4.30443143845;0.0699911117554;False
3;2;919;91.3559575238;78.1736472335;3;1;9;9;0.00252938270569;0.0634937286377;0.0630140304565;False
3;2;929;92.9177956177;92.9177956177;1;0;6;6;0.00154399871826;0.0359690189362;0.0458331108093;False
3;2;935;2485.07245351;33.5005329749;3;0;12;9;0.00360202789307;0.0991833209991;0.0451211929321;False
3;2;941;4471.82724523;4471.82724523;1;0;5;5;0.0012321472168;0.0265266895294;0.0339670181274;False
3;2;943;60.5332183069;55.058225146;5;2;14;13;0.00349164009094;0.0936071872711;0.0803809165955;False
3;2;944;1229.47832891;1229.47832891;1;0;68;68;0.0120522975922;0.192902803421;0.230293035507;False
3;2;947;134.429900177;132.852041657;5;1;13;13;0.00308537483215;15.0085365772;4.35679101944;False
3;2;948;505.010739554;28.9102572604;5;0;13;10;0.00378394126892;0.0937705039978;0.0517411231995;False
3;2;951;40.0465964364;39.4415008846;7;2;12;12;0.00381112098694;0.0766048431396;0.0649530887604;False
3;2;952;91.8640892495;91.8640892495;1;0;8;8;0.00227570533752;0.0302565097809;0.0451469421387;False
3;2;953;5021.06711651;5021.06711651;1;0;70;70;0.0136406421661;0.212457180023;0.253900766373;False
3;2;954;40.0000133188;35.2498597899;7;2;8;8;0.00266313552856;0.0583729743958;0.0389227867126;False
3;2;974;1350.53335009;1350.53335009;1;0;56;56;0.00994491577148;0.173958539963;0.205054998398;False
3;2;992;44.0696058049;39.2352336389;5;1;10;10;0.00289344787598;12.1147313118;0.0553021430969;False
3;2;997;71.0857244297;62.1850108143;9;4;11;6;0.00349450111389;0.0612916946411;0.028716802597;False
3;2;998;1927.11287049;1927.11287049;1;0;54;54;0.00918912887573;0.148564815521;0.177277088165;False
3;2;1001;44.3043978895;32.9385796057;5;1;9;7;0.0022497177124;3.98242902756;0.035994052887;False
3;2;1006;56.9048972568;56.8443055536;5;1;9;8;0.00287389755249;19.1666023731;8.81672406197;False
3;2;1007;2305.02182413;2305.02182413;1;0;3;3;0.000684976577759;0.0125141143799;0.0180110931396;False
3;2;1010;54.0608434547;50.3206589369;3;1;7;7;0.00226283073425;0.0494327545166;0.0576910972595;False
3;2;1018;78.1041163113;74.1925598901;7;3;11;10;0.00287485122681;0.0708522796631;0.0612919330597;False
3;2;1022;40.0000015463;29.3722762632;15;6;12;11;0.00435829162598;0.0813481807709;0.0467019081116;False
3;2;1025;85.7209037696;79.4207639579;11;3;11;11;0.00367617607117;0.1557264328;0.116937160492;False
3;2;1037;288.981350649;288.981350649;1;0;12;12;0.00208330154419;0.0352561473846;0.0452530384064;False
3;2;1043;51.5641148918;40.5162799588;7;1;7;6;0.00258088111877;0.0605144500732;0.0301802158356;False
3;2;1044;103.172126767;103.172126767;1;0;10;10;0.00198817253113;0.0260691642761;0.0359768867493;False
3;2;1055;39.9999935016;36.596952164;9;3;8;8;0.00274038314819;0.0546963214874;0.0375270843506;False
3;2;1056;82.2429666273;72.8087181663;3;1;5;5;0.0014762878418;9.56835818291;8.95429801941;False
3;2;1067;1096.13999319;39.3732238237;3;1;14;12;0.00307011604309;0.0521926879883;0.0475840568542;False
3;2;1085;67.5596118571;66.2958577528;3;0;9;9;0.00238418579102;10.0891501904;5.89607596397;False
3;2;1089;8140.99473961;8136.08221009;5;2;9;9;0.00249075889587;0.0431821346283;0.0402488708496;False
3;2;1091;69.5048327005;57.7990610277;3;1;8;7;0.00249552726746;10.3512384892;5.92353487015;False
3;2;1096;89.7637227889;76.4206980925;3;1;9;7;0.00199127197266;0.0543038845062;0.0433249473572;False
3;2;1097;803.693480178;803.693480178;1;0;53;53;0.00899076461792;0.201613903046;0.230815887451;False
3;2;1100;256.745859255;48.9273053384;5;1;7;5;0.00209474563599;0.0511794090271;0.0307970046997;False
3;2;1102;111.748201634;44.4797055719;3;1;12;9;0.00252866744995;0.0733089447021;0.0410749912262;False
3;2;1109;6605.21458374;6605.21458374;1;0;39;39;0.00699210166931;0.1103951931;0.13406586647;False
3;2;1117;141.222744145;126.763590357;3;0;8;8;0.00195813179016;4.68076777458;0.039272069931;False
3;2;1126;117.018788248;117.018788248;1;0;5;5;0.0011260509491;4.55412912369;8.50733590126;False
3;2;1130;42.2457013982;37.2368824113;3;1;12;10;0.00255060195923;4.07053375244;0.0417859554291;False
3;2;1133;40.0000041085;34.9570910309;9;3;9;9;0.00341558456421;0.0606601238251;0.0447099208832;False
3;2;1143;48.3609021301;34.1880712688;5;1;9;8;0.00277924537659;8.46317338943;0.0449969768524;False
3;2;1147;112.307592209;111.325610892;7;2;13;10;0.00470399856567;44.2876353264;14.3493499756;False
3;2;1152;296.80200027;296.80200027;1;0;9;9;0.00216889381409;9.45726251602;9.4803340435;False
3;2;1155;2692.75198021;2692.75198021;1;0;4;4;0.000944137573242;0.0188982486725;0.0247490406036;False
3;2;1157;10320.7850606;10320.7850606;1;0;54;54;0.0102231502533;0.330496311188;0.366198062897;False
3;2;1160;40.0000157775;25.0930349741;9;4;11;11;0.0032320022583;0.0565211772919;0.0430400371552;False
3;2;1164;102.126209981;99.5722218259;5;0;7;6;0.00192332267761;0.0906713008881;0.0524549484253;False
3;2;1167;66.4889300474;64.185675136;7;2;10;9;0.0032377243042;0.115461826324;0.0582880973816;False
3;2;1170;6013.51996479;6013.51996479;1;0;16;16;0.00312066078186;0.0743999481201;0.0877740383148;False
3;2;1181;2168.03884495;2168.03884495;1;0;61;61;0.0119776725769;0.287984132767;0.327797889709;False
3;2;1200;1770.64914726;1770.64914726;1;0;68;68;0.0120139122009;0.214704990387;0.252492904663;False
3;2;1212;138.247203115;136.153236494;3;1;5;5;0.00139856338501;0.0318295955658;0.0345408916473;False
3;2;1213;5365.07826881;5365.07826881;1;0;9;9;0.00162315368652;0.0199630260468;0.0289268493652;False
3;2;1217;173.614596981;172.673987674;5;2;7;7;0.00352549552917;0.0499620437622;0.0472128391266;False
3;2;1218;2874.34772468;2874.34772468;1;0;8;8;0.00177121162415;0.02991771698;0.0517780780792;False
3;2;1221;48.6822949106;43.9122629576;7;3;10;8;0.00255942344666;0.045654296875;0.0353560447693;False
3;2;1222;8085.45575766;8085.45575766;1;0;87;87;0.0165603160858;0.295533657074;0.344160795212;False
3;2;1225;1834.96281413;41.2199184065;3;0;13;11;0.00249528884888;8.42336821556;0.0418410301208;False
3;2;1230;75.7955314393;75.4265574473;5;2;7;7;0.00225520133972;15.5303771496;5.26494598389;False
3;2;1232;107.173181168;106.711754319;7;3;11;11;0.00378441810608;0.134154558182;0.0970349311829;False
3;2;1237;40.0000119908;36.0547640041;9;4;11;11;0.00350832939148;0.0666961669922;0.0471699237823;False
3;2;1239;39.9999820848;32.0538796572;7;3;13;13;0.00397253036499;0.13111782074;0.114137887955;False
3;2;1247;75.1555977693;75.1555977693;1;0;15;15;0.00258445739746;0.0575850009918;0.0725920200348;False
3;2;1258;79.569183602;76.2904705892;5;1;11;11;0.00260829925537;0.0681557655334;0.0644841194153;False
3;2;1259;7031.05956996;7031.05956996;1;0;31;31;0.00529742240906;0.0812602043152;0.0996758937836;False
3;2;1262;4931.91849884;46.9957953635;3;1;10;8;0.00223922729492;0.0498290061951;0.0410399436951;False
3;2;1271;361.741704369;361.741704369;1;0;8;8;0.00143146514893;0.0250482559204;0.0326771736145;False
3;2;1275;165.375421125;48.5077880837;3;0;9;6;0.00201916694641;4.32055735588;0.0254640579224;False
3;2;1277;1548.54163917;1548.54163917;1;0;3;3;0.000720024108887;0.0155589580536;0.0207848548889;False
3;2;1279;9962.66792736;9962.66792736;1;0;105;105;0.0198225975037;0.450583457947;0.509718894958;False
3;2;1287;39.9999975272;34.7235540744;7;3;9;9;0.00284862518311;0.0467021465302;0.0362939834595;False
3;2;1288;425.212156525;425.212156525;1;0;8;8;0.00156903266907;4.36297917366;4.37543106079;False
3;2;1314;45.9511030495;32.004591619;7;2;9;8;0.00306868553162;4.82250666618;0.0476441383362;False
3;2;1317;95.3778644981;53.1700292716;3;0;10;9;0.00226092338562;10.2784779072;0.0380790233612;False
3;2;1320;88.6448375371;85.8225263339;5;2;10;10;0.00250673294067;0.0554780960083;0.0505549907684;False
3;2;1321;4042.12965005;4042.12965005;1;0;9;9;0.00165009498596;0.0205371379852;0.0280640125275;False
3;2;1322;147.47678759;147.47678759;1;0;8;8;0.00145125389099;0.0259118080139;0.0342791080475;False
3;2;1323;46.4666957998;41.0933643499;5;1;14;14;0.00316548347473;3.72270274162;0.0599191188812;False
3;2;1333;92.3048524302;80.4833707497;3;0;10;10;0.00239372253418;0.041451215744;0.0420310497284;False
3;2;1339;48.6430500486;36.7340671797;9;2;10;9;0.00344944000244;0.12223649025;0.0647451877594;False
3;2;1340;2328.69040502;2328.69040502;1;0;4;4;0.000994682312012;0.0313949584961;0.0375328063965;False
3;2;1361;2073.04384334;2073.0438429;5;1;8;8;0.00215673446655;0.0610778331757;0.0669071674347;False
3;2;1364;222.623143375;222.623143375;1;0;11;11;0.0025417804718;0.0532989501953;0.0694921016693;False
3;2;1372;66.0306206475;60.1669411948;3;1;9;9;0.0021710395813;14.0894818306;9.12852406502;False
3;2;1374;245.004482368;245.004482368;1;0;3;3;0.000700950622559;0.019186258316;0.0282669067383;False
3;2;1379;170.666954849;170.666954849;1;0;16;16;0.00303292274475;9.64750957489;9.66475605965;False
3;2;1397;57.6327181634;52.1495514159;5;1;9;6;0.00233268737793;0.0399074554443;0.0254058837891;False
3;2;1410;5012.73098345;5012.73098345;1;0;7;7;0.00144124031067;0.0296051502228;0.0377089977264;False
3;2;1413;39.9999884988;28.6074519688;15;6;13;13;0.00461721420288;0.0858628749847;0.0593459606171;False
3;2;1415;283.543778654;283.543778654;1;0;8;8;0.0015070438385;0.0339488983154;0.0424900054932;False
3;2;1417;150.535019865;150.535019865;1;0;5;5;0.00101017951965;0.0269026756287;0.0737679004669;False
3;2;1428;118.05161118;118.05161118;1;0;4;4;0.000897169113159;0.0238726139069;0.0347211360931;False
3;2;1434;3116.14943929;3116.14943929;1;0;5;5;0.00107908248901;0.0175321102142;0.0262651443481;False
3;2;1436;228.272397858;228.272397858;1;0;7;7;0.00138807296753;0.024552822113;0.0349791049957;False
3;2;1438;9535.30490238;9535.30490238;1;0;49;49;0.00842380523682;0.146131038666;0.173227071762;False
3;2;1445;91.0942307718;86.7773747767;3;0;11;11;0.00224614143372;0.0366446971893;0.0361139774323;False
3;2;1453;45.6007324535;43.8061381241;3;1;10;10;0.00234317779541;0.0363388061523;0.0399820804596;False
3;2;1470;329.378326918;50.3606118973;3;0;15;12;0.00338816642761;0.0697340965271;0.0499739646912;False
3;2;1487;39.99998271;31.2203186368;9;3;8;8;0.00271773338318;0.048757314682;0.0366461277008;False
3;2;1491;174.163848357;174.163848357;1;0;15;15;0.00257658958435;4.33931469917;4.36006593704;False
3;2;1512;49.9021144832;43.6026513495;5;1;6;5;0.00196480751038;0.0406837463379;0.0284719467163;False
3;2;1517;73.6728025735;60.7176193477;3;0;8;7;0.00203990936279;0.0650911331177;0.0573358535767;False
3;2;1525;40.0000017121;23.9060265528;3;1;9;9;0.0019588470459;0.0299363136292;0.0354430675507;False
3;2;1526;39.999972998;24.8400904824;3;0;10;10;0.00216865539551;0.0383305549622;0.0392138957977;False
3;2;1540;55.2344632437;36.4832757879;5;2;8;6;0.00231981277466;0.0494749546051;0.0345418453217;False
3;2;1554;69.8036317713;69.8036317713;1;0;5;5;0.00118565559387;0.0197474956512;0.0269200801849;False
3;2;1555;321.05052367;321.05052367;1;0;11;11;0.00209951400757;0.0552213191986;0.0711221694946;False
3;2;1561;8180.22064919;8176.79316462;3;0;45;45;0.00822377204895;0.130752801895;0.149496078491;False
3;2;1571;73.1595812285;51.0448668637;7;2;13;8;0.00416111946106;0.269912481308;0.0796508789062;False
3;2;1575;7254.42775676;7254.42775676;1;0;62;62;0.011871099472;0.283504009247;0.319712162018;False
3;2;1578;61.9166445215;59.3885986942;3;0;6;4;0.00164723396301;0.0337014198303;0.0210230350494;False
3;2;1587;42.0623401495;37.6159553664;5;2;8;8;0.00217413902283;0.0369617938995;0.0339000225067;False
3;2;1598;43.4166112801;43.144411904;5;2;9;9;0.00268411636353;12.0335571766;4.11062908173;False
3;2;1599;39.9999904772;32.7479155975;7;2;10;10;0.00298285484314;0.0525984764099;0.0462219715118;False
3;2;1601;40.0000006784;27.8083513741;5;2;8;8;0.00216555595398;0.0441865921021;0.0414130687714;False
3;2;1603;2622.19456518;2622.19456518;1;0;4;4;0.000861406326294;0.0156116485596;0.0215570926666;False
3;2;1614;219.134621241;219.134621241;1;0;9;9;0.00157356262207;0.0234572887421;0.0360360145569;False
3;2;1621;70.2725216551;70.2725216551;1;0;4;4;0.000840187072754;0.0125591754913;0.0187051296234;False
3;2;1622;533.930080601;533.930080601;1;0;4;4;0.000847816467285;0.020171880722;0.0290529727936;False
3;2;1629;129.187522314;68.9940320295;3;0;10;8;0.00210809707642;0.0783386230469;0.0947060585022;False
3;2;1635;77.7301001122;47.6970829086;3;0;9;5;0.00198292732239;0.0551538467407;0.0225510597229;False
3;2;1641;231.18945968;231.18945968;1;0;15;15;0.0034544467926;5.15879178047;5.18319988251;False
3;2;1648;62.6539868632;53.2829271395;5;1;9;8;0.00247716903687;0.0619797706604;0.0409770011902;False
3;2;1653;41.8650822277;36.7960524964;9;3;13;12;0.00352931022644;8.90073657036;0.0508248806;False
3;2;1660;69.8411144466;61.068697414;3;1;7;7;0.00180578231812;9.15751194954;9.88751101494;False
3;2;1663;72.7783356047;63.7720279032;3;1;9;9;0.00205588340759;0.0545239448547;0.0440850257874;False
3;2;1667;40.1168928646;33.2683800342;5;1;10;10;0.00275468826294;13.1414778233;0.0505800247192;False
3;2;1671;124.930843271;122.907066627;3;1;5;5;0.00142216682434;0.0282230377197;0.0380549430847;False
3;2;1676;200.990345772;199.986530825;5;1;8;5;0.00226521492004;4.06210064888;0.0251648426056;False
3;2;1681;96.1182927643;93.4700409961;5;2;6;6;0.00221347808838;9.5052883625;0.0315837860107;False
3;2;1684;39.9999774928;31.923557103;7;2;11;11;0.00330805778503;0.0616540908813;0.0548889636993;False
3;2;1690;67.8328907762;65.1369669592;5;2;11;11;0.0032069683075;8.86339759827;0.0408320426941;False
3;2;1692;42.7921129371;31.8147325305;3;1;16;16;0.00409507751465;0.11995100975;0.129132032394;False
3;2;1701;4143.57845184;4143.57845184;1;0;3;3;0.00111794471741;0.0182111263275;0.0480239391327;False
3;2;1703;40.0000023412;24.4462948993;9;4;10;10;0.00354242324829;0.0902752876282;0.0691530704498;False
3;2;1706;54.1406616901;47.4946527332;7;2;12;11;0.00365376472473;0.104056596756;0.0809650421143;False
3;2;1714;1282.88015238;1282.88015238;1;0;3;3;0.000890970230103;0.0272603034973;0.045224905014;False
3;2;1721;260.92398183;37.5827872018;3;0;12;9;0.00324559211731;5.10561943054;0.0485680103302;False
3;2;1726;3804.10627295;3804.10627295;1;0;4;4;0.00120782852173;0.0274512767792;0.0340950489044;False
3;2;1729;114.18102562;108.736132581;5;1;8;6;0.00319027900696;0.102952241898;0.13902592659;False
3;2;1733;39.9999893717;36.2863263131;5;2;11;9;0.00448203086853;0.227520942688;0.227909803391;False
3;2;1738;470.199774609;470.199774609;1;0;3;3;0.00160694122314;0.0320081710815;0.0485498905182;False
3;2;1739;1345.86497113;1345.86497113;1;0;13;13;0.00266098976135;0.0673274993896;0.0783309936523;False
3;2;1743;64.2684863799;61.551275678;3;0;7;5;0.00195527076721;0.0527496337891;0.0462658405304;False
3;2;1750;112.404492316;103.76215284;7;2;10;8;0.00355339050293;0.159882307053;0.0675349235535;False
3;2;1756;48.976356339;47.9215167121;3;1;12;12;0.00274300575256;0.0406875610352;0.0463049411774;False
3;2;1760;2696.48709324;2696.48709324;1;0;8;8;0.00157713890076;0.0356211662292;0.0437340736389;False
3;2;1764;6457.40513366;6457.40513366;1;0;21;21;0.00423407554626;0.0834679603577;0.0989968776703;False
3;2;1768;7415.02944332;7415.02944332;1;0;39;39;0.00905108451843;0.312666416168;0.342700004578;False
3;2;1771;47.0989262081;42.7770441873;5;2;13;10;0.00472831726074;13.8730487823;4.87217187881;False
3;2;1784;43.7881513481;36.7897997781;5;2;9;7;0.00331568717957;0.045051574707;0.0452959537506;False
3;2;1786;46.6736599991;44.5114164976;5;2;6;6;0.00273323059082;0.0356769561768;0.0352110862732;False
3;2;1796;354.796209078;354.796209078;1;0;4;4;0.00086522102356;0.0224997997284;0.0320279598236;False
3;2;1816;70.1028849777;67.3530383393;3;1;6;6;0.00196814537048;0.0445652008057;0.0525078773499;False
3;2;1817;7004.23086366;7004.23086366;1;0;3;3;0.00102591514587;0.0217432975769;0.0282509326935;False
3;2;1823;2809.83082441;2809.83082441;1;0;8;8;0.00317215919495;0.120448112488;0.131771802902;False
3;2;1833;43.6626253917;32.927472398;13;6;17;14;0.00849795341492;0.280537366867;0.194852828979;False
3;2;1837;2969.94086529;2969.94086529;1;0;12;12;0.00265026092529;0.0405359268188;0.0517339706421;False
3;2;1841;2328.13008114;2328.13008114;1;0;4;4;0.00113391876221;0.0260021686554;0.0325608253479;False
3;2;1846;127.387053385;127.387053385;1;0;3;3;0.00101161003113;0.0233266353607;0.0338449478149;False
3;2;1852;5490.13258526;5490.13258526;1;0;5;5;0.00108122825623;0.036110162735;0.0431959629059;False
3;2;1856;2731.60233316;2731.60233316;1;0;8;8;0.00149607658386;0.0355679988861;0.0516381263733;False
3;2;1858;52.5690958345;43.900208756;11;4;14;13;0.00449204444885;0.098860502243;0.0629930496216;False
3;2;1860;40.000005056;39.7558806788;3;1;10;10;0.00255179405212;0.0491752624512;0.0558559894562;False
3;2;1867;1930.980286;1930.980286;1;0;45;45;0.00811314582825;0.158589601517;0.184811115265;False
3;2;1869;781.786029482;781.786029482;1;0;4;4;0.00126242637634;0.033674955368;0.0471510887146;False
3;2;1872;3307.46800108;3307.46800108;1;0;4;4;0.00107073783875;0.0241322517395;0.0332691669464;False
3;2;1873;52.6726679198;48.368159257;3;1;8;8;0.00238585472107;0.0570986270905;0.0824129581451;False
3;2;1874;69.9575347075;69.9575347075;1;0;9;9;0.00245308876038;0.108038902283;0.123283863068;False
3;2;1881;5927.06075;5927.06075;1;0;38;38;0.00692439079285;0.166084766388;0.189357995987;False
3;2;1885;636.495991123;636.495991123;1;0;10;10;0.00222039222717;4.37658190727;8.69291996956;False
3;2;1886;11951.6951842;11951.6951842;1;0;102;102;0.0200188159943;0.347687721252;0.406621932983;False
3;2;1890;64.9021419028;54.2237228247;3;1;11;11;0.00252747535706;0.051265001297;0.0649437904358;False
3;2;1894;39.9999935215;30.1127051202;7;2;12;12;0.00358700752258;0.081748008728;0.0598430633545;False
3;2;1897;547.097797895;547.097797895;1;0;7;7;0.00194883346558;0.0309519767761;0.0441040992737;False
3;2;1908;138.866808369;73.2011033297;3;0;8;7;0.00210428237915;0.0580902099609;0.0456018447876;False
3;2;1914;7118.49643077;7118.49643077;1;0;6;6;0.00167202949524;0.0377581119537;0.0461790561676;False
3;2;1930;94.4720800559;93.2122554527;3;0;5;5;0.00149703025818;13.4056615829;4.42283296585;False
3;2;1941;58.783966274;48.3716821737;5;1;8;8;0.00232672691345;4.62209486961;0.0433588027954;False
3;2;1942;40.000021326;32.2750496317;5;2;10;9;0.00301480293274;0.0557637214661;0.0473120212555;False
3;2;1952;51.6616074472;46.9932070721;3;0;8;8;0.00258469581604;16.7163701057;12.5320920944;False
3;2;1953;43.0323995174;34.7183310741;5;2;12;11;0.00325417518616;3.96857047081;0.0589048862457;False
3;2;1958;2684.75482715;2684.75482715;1;0;83;83;0.015280008316;0.339304208755;0.38538479805;False
3;2;1966;99.3432658398;99.3432658398;1;0;4;4;0.00141835212708;0.024242401123;0.0317640304565;False
3;2;1974;141.904170949;132.694149963;3;0;6;6;0.00180315971375;0.0345814228058;0.0321209430695;False
3;2;1976;225.432642946;225.432642946;1;0;6;6;0.0014317035675;4.58815956116;4.59674310684;False
3;2;1980;103.622891001;100.170694109;5;1;14;13;0.00338053703308;18.2528705597;9.171875;False
3;2;1982;67.4096942744;64.8396891316;3;1;11;11;0.002605676651;0.0343079566956;0.0411429405212;False
3;2;1987;45.3211339639;31.9975149044;7;1;10;10;0.00344467163086;0.0697433948517;0.0552730560303;False
3;2;1994;1934.03502561;1934.03502561;1;0;6;6;0.00102853775024;0.0168604850769;0.023551940918;False
3;2;2002;280.547135821;279.614994438;3;0;9;8;0.00217413902283;25.5556936264;17.2373800278;False
3;2;2010;2522.48577564;2522.48577564;1;0;3;3;0.000826120376587;0.00957107543945;0.0149240493774;False
3;2;2017;2800.03735923;2800.03735923;1;0;3;3;0.000689268112183;0.00954174995422;0.0150399208069;False
3;2;2021;1103.43845624;1103.43845624;1;0;65;65;0.0117697715759;0.194407224655;0.23030591011;False
3;2;2031;1017.94125891;1017.94125891;1;0;50;50;0.00786066055298;0.145733356476;0.171355962753;False
3;2;2037;44.2217845091;44.2217845091;1;0;5;5;0.000952959060669;3.54946565628;7.11303091049;False
3;2;2046;40.0000026699;32.3145890098;5;2;8;6;0.00222682952881;0.0390553474426;0.0320801734924;False
3;2;2057;47.4671616271;44.4086660133;3;1;9;9;0.00229668617249;0.0428681373596;0.0423741340637;False
3;2;2062;40.0000112935;29.4895043633;7;3;8;8;0.00241661071777;0.0504715442657;0.0412521362305;False
3;2;2063;210.88068631;210.88068631;1;0;7;7;0.00129723548889;11.2444012165;11.2526547909;False
3;2;2074;2466.10342418;2466.10342418;1;0;4;4;0.000813961029053;0.0187227725983;0.0250308513641;False
3;2;2075;234.338545138;205.2908826;3;0;20;15;0.00382781028748;0.0919032096863;0.0662279129028;False
3;2;2078;47.7372353739;43.1299967743;3;1;4;4;0.00120878219604;3.54994225502;7.08716487885;False
3;2;2081;156.191396704;156.191396704;1;0;7;7;0.00125002861023;0.0316858291626;0.0452280044556;False
3;2;2086;42.4070517891;32.7176135811;9;2;11;9;0.00318622589111;0.062949180603;0.0376811027527;False
3;2;2090;40.0000145529;30.3492039674;11;4;7;7;0.00318670272827;0.0657598972321;0.0425279140472;False
3;2;2094;39.9999909214;35.4301410874;9;4;12;11;0.00337696075439;0.0633759498596;0.0483291149139;False
3;2;2096;46.6256565617;40.2194446019;9;4;7;7;0.00264525413513;16.8790254593;0.0312480926514;False
3;2;2109;94.994345585;94.994345585;1;0;9;9;0.00161647796631;0.0360221862793;0.0439400672913;False
3;2;2112;6922.91678711;6922.91678711;1;0;15;15;0.00299048423767;0.049510717392;0.0622529983521;False
3;2;2115;58.247949822;36.5199760718;5;1;11;10;0.00293707847595;15.323723793;0.0481858253479;False
3;2;2121;40.0617069045;27.8754142474;5;0;10;9;0.00269603729248;21.37900424;0.0356509685516;False
3;2;2128;10408.7220862;10408.7220862;1;0;9;9;0.00170207023621;0.034383058548;0.0427701473236;False
3;2;2136;6847.91702549;6847.91702549;1;0;41;41;0.0068473815918;0.163594722748;0.186146974564;False
3;2;2150;90.9711221077;87.5671038163;5;2;8;8;0.00246953964233;0.0632586479187;0.0711109638214;False
3;2;2163;40.0000068721;30.982950818;9;4;14;14;0.00396966934204;0.057826757431;0.0522627830505;False
3;2;2167;107.798022924;107.798022924;1;0;8;8;0.00147151947021;8.07702422142;8.09226822853;False
3;2;2168;73.8439704742;38.1523531225;7;1;15;11;0.00381207466125;3.96378684044;0.0517220497131;False
3;2;2174;8794.30223912;8794.30223912;1;0;21;21;0.0036895275116;6.94314837456;6.95720505714;False
3;2;2175;3815.44856332;3786.23287417;3;1;8;6;0.0017626285553;0.0347661972046;0.0313611030579;False
3;2;2186;40.0056162374;30.3719638471;3;1;13;13;0.00270175933838;0.0439515113831;0.053582906723;False
3;2;2189;57.1874981406;36.2803590759;5;1;16;12;0.00381517410278;0.0824091434479;0.0501599311829;False
3;2;2192;242.379753164;242.185608563;3;0;8;8;0.0018515586853;19.2546362877;14.203097105;False
3;2;2196;90.3370373941;82.2948880939;5;1;8;8;0.00239276885986;0.0460393428802;0.0355069637299;False
3;2;2201;62.4886049211;46.6741462301;3;0;8;6;0.00182366371155;0.0513596534729;0.0252711772919;False
3;2;2203;103.925707764;100.327293883;3;0;6;5;0.00154733657837;3.92701387405;0.0300810337067;False
3;2;2205;85.3268143411;85.3268143411;1;0;8;8;0.00144410133362;0.0222210884094;0.0303540229797;False
3;2;2210;39.9999759095;36.8416316531;13;5;9;9;0.00402021408081;0.0806591510773;0.0459241867065;False
3;2;2215;963.753062977;963.753062977;1;0;15;15;0.00260281562805;0.077535867691;0.0906388759613;False
3;2;2227;4249.33911561;4249.33911561;1;0;6;6;0.0012218952179;0.0246200561523;0.0308158397675;False
3;2;2235;6780.48405097;6780.48405097;1;0;3;3;0.000653505325317;0.0114588737488;0.0262920856476;False
3;2;2240;121.645359775;117.166188401;3;0;8;8;0.00171875953674;0.0663692951202;0.0557100772858;False
3;2;2241;6432.79725301;6432.79725301;1;0;4;4;0.000843048095703;0.0128257274628;0.019867181778;False
3;2;2244;76.0948562811;70.253631756;11;4;7;7;0.00271081924438;0.0515587329865;0.0301659107208;False
3;2;2267;111.890994045;111.890994045;1;0;6;6;0.00114130973816;4.01512289047;4.02574086189;False
3;2;2270;40.9595078048;37.8324516601;3;1;14;14;0.00271606445312;0.0486714839935;0.0541288852692;False
3;2;2273;11817.894563;11817.894563;1;0;84;84;0.0146539211273;0.25097322464;0.29425907135;False
3;2;2276;117.628136762;111.155874551;3;1;7;7;0.00165677070618;0.0248610973358;0.027988910675;False
3;2;2280;9029.39619391;9029.39619391;1;0;5;5;0.000993967056274;0.0196690559387;0.0253229141235;False
3;2;2284;415.789353334;415.789349081;3;1;11;11;0.00301027297974;0.035719871521;0.0492467880249;False
3;2;2287;95.2390456014;90.4162372808;3;0;12;11;0.0027596950531;0.0711758136749;0.0680029392242;False
3;2;2290;39.9999830783;27.4970049986;9;3;7;7;0.00261545181274;0.0465786457062;0.0323879718781;False
3;2;2291;62.6222833716;62.6222833716;1;0;7;7;0.00127124786377;3.82897400856;7.66718578339;False
3;2;2292;76.1071844036;76.1071844036;1;0;9;9;0.00162243843079;0.0268743038177;0.0353441238403;False
3;2;2296;127.427141074;127.427141074;1;0;5;5;0.00110912322998;7.54458761215;7.55214095116;False
3;2;2298;4497.9010393;4497.9010393;1;0;18;18;0.00327277183533;0.0701973438263;0.0853719711304;False
3;2;2299;51.2144675985;37.1190707578;3;0;7;7;0.00171589851379;4.35255122185;0.029168844223;False
3;2;2303;62.7045853727;60.2368075064;5;1;7;6;0.00210118293762;19.7468678951;10.0468509197;False
3;2;2304;99.1618983027;51.005266736;5;1;11;7;0.00323510169983;0.0804913043976;0.0425109863281;False
3;2;2314;5584.78983289;36.8437289708;5;1;15;11;0.00315737724304;0.0820188522339;0.0418779850006;False
3;2;2316;4279.02786942;4279.02786942;1;0;3;3;0.00067925453186;0.014564037323;0.0217590332031;False
3;2;2318;151.860609699;151.860609699;1;0;10;10;0.0017397403717;0.0403478145599;0.0527601242065;False
3;2;2319;40.0000259443;36.6375066216;9;4;9;9;0.00287699699402;0.0495319366455;0.0363280773163;False
3;2;2328;394.593061631;394.593061631;1;0;6;6;0.00119686126709;3.35409235954;3.36148715019;False
3;2;2330;96.9311262679;96.9311262679;1;0;3;3;0.000670194625854;0.0175907611847;0.0268549919128;False
3;2;2331;1428.01429717;1428.01429717;1;0;6;6;0.00109887123108;0.0172352790833;0.0233261585236;False
3;2;2335;68.1625173984;62.8516795187;5;0;14;14;0.00332713127136;4.26846027374;0.0653290748596;False
3;2;2338;3698.83858137;3698.83858137;1;0;7;7;0.00143098831177;0.0326945781708;0.0432369709015;False
3;2;2339;121.59653068;120.233450825;3;0;10;8;0.00220727920532;0.066684961319;0.0549070835114;False
3;2;2347;131.363478008;131.363478008;1;0;6;6;0.00116372108459;0.0276601314545;0.0348072052002;False
3;2;2353;415.705803152;415.705803152;1;0;3;3;0.000866651535034;0.0131120681763;0.0285382270813;False
3;2;2369;70.9591389215;64.1648995893;7;3;9;9;0.00322389602661;11.4386804104;11.2793319225;False
3;2;2371;59.100935216;49.5386913735;3;1;8;8;0.00180888175964;0.0389838218689;0.043261051178;False
3;2;2390;50.4679514254;42.6381630786;3;1;5;5;0.00129008293152;0.0228984355927;0.0253210067749;False
3;2;2391;70.1855828594;60.8439940547;3;1;13;12;0.00259327888489;0.0574107170105;0.0622270107269;False
3;2;2392;185.487533015;185.487533015;1;0;8;8;0.00157260894775;3.95470333099;7.91551804543;False
3;2;2398;681.678160413;681.678160413;1;0;3;3;0.000723123550415;0.0143110752106;0.0307240486145;False
3;2;2401;66.9684207126;50.761992502;3;1;7;7;0.00158739089966;4.13527989388;0.0297248363495;False
3;2;2405;39.99999938;34.7932889053;7;2;10;8;0.00274920463562;0.0490114688873;0.034245967865;False
3;2;2415;60.4664435989;50.5284381559;3;1;9;9;0.00212812423706;0.0279479026794;0.0327241420746;False
3;2;2419;4430.53182006;4430.53182006;1;0;7;7;0.00138306617737;0.0236911773682;0.0335488319397;False
3;2;2421;39.9999755336;25.4032238013;7;3;9;9;0.00272226333618;0.0399565696716;0.0397391319275;False
3;2;2426;103.62445538;103.62445538;1;0;4;4;0.000813722610474;0.0228431224823;0.0319330692291;False
3;2;2439;71.1959088802;63.6472987297;3;0;12;12;0.00264859199524;0.0690016746521;0.0488569736481;False
3;2;2444;138.888526049;138.888526049;1;0;13;13;0.00263595581055;0.0560126304626;0.0860269069672;False
3;2;2456;66.1226534735;66.1226534735;1;0;16;16;0.00307202339172;0.0669348239899;0.0841310024261;False
3;2;2457;7784.67432101;7776.3802058;3;0;10;9;0.00223731994629;0.0607028007507;0.0462498664856;False
3;2;2476;87.2695229643;87.2695229643;1;0;5;5;0.00103902816772;3.71716189384;3.72861194611;False
3;2;2483;39.9999910056;24.2835403777;3;0;11;11;0.00249195098877;0.0433986186981;0.0436251163483;False
3;2;2494;70.0978571289;64.9272974658;5;1;7;7;0.0020911693573;0.0381810665131;0.031191110611;False
3;2;2496;110.454065547;109.798039893;7;2;12;11;0.00292921066284;0.0734090805054;0.0414350032806;False
3;2;2502;2259.22492634;2259.22492634;1;0;15;15;0.00250887870789;0.0658552646637;0.0762538909912;False
3;2;2504;140.936378918;140.936378918;1;0;5;5;0.000995874404907;0.0235857963562;0.0298528671265;False
3;2;2509;110.002452866;110.002452866;1;0;3;3;0.000896215438843;3.79079627991;7.54830908775;False
3;2;2523;5116.44701126;5116.44701126;1;0;34;34;0.00587105751038;0.120407581329;0.140126943588;False
3;2;2524;168.617990754;164.673636323;3;1;11;11;0.00238180160522;0.0490481853485;0.0534830093384;False
3;2;2526;64.8957366782;60.2136267716;3;0;6;6;0.00147843360901;11.3550195694;3.73487305641;False
3;2;2528;431.98250195;431.98250195;1;0;7;7;0.00129294395447;0.0306572914124;0.043655872345;False
3;2;2529;305.002154583;116.756052676;5;0;9;4;0.0022337436676;0.0724818706512;0.0321140289307;False
3;2;2531;55.5768758492;44.3163395821;7;2;10;10;0.00275325775146;12.6004312038;0.0460970401764;False
3;2;2542;5860.198011;5860.198011;1;0;63;63;0.0123701095581;0.1975004673;0.234988927841;False
3;2;2543;498.357055404;498.357055404;1;0;9;9;0.00163412094116;0.0306725502014;0.0394399166107;False
3;2;2551;4522.21717298;4522.21717298;1;0;8;8;0.00145959854126;0.0246267318726;0.033017873764;False
3;2;2552;67.8126210468;67.8126210468;1;0;12;12;0.00214219093323;0.0493957996368;0.0741620063782;False
3;2;2555;228.168468768;70.0578500771;3;0;11;5;0.00236964225769;0.0487780570984;0.0254650115967;False
3;2;2557;47.8413749748;39.0666609818;7;2;7;6;0.00311326980591;7.30431246758;0.0378799438477;False
3;2;2558;4306.96155727;4306.96155727;1;0;11;11;0.00186395645142;0.0327110290527;0.0435991287231;False
3;2;2564;3541.13624456;3541.13624456;1;0;4;4;0.000803470611572;0.0102477073669;0.0153329372406;False
3;2;2573;43.1026620675;29.8956154404;5;1;13;12;0.00312256813049;13.5703744888;0.0592501163483;False
3;2;2574;47.2719077679;34.5252490363;3;1;10;6;0.00209999084473;0.0312485694885;0.0254890918732;False
3;2;2578;62.3919907093;60.4880577459;3;1;5;5;0.00144839286804;0.0207650661469;0.0261249542236;False
3;2;2587;44.9445147187;36.5706198996;9;3;10;10;0.00486898422241;0.113199234009;0.0886051654816;False
3;2;2597;107.59601092;105.161596502;3;0;10;10;0.00216317176819;0.0768537521362;0.0535519123077;False
3;2;2610;40.0000139728;36.7629463161;9;4;12;11;0.00343322753906;0.0629961490631;0.0397880077362;False
3;2;2611;414.793221132;62.4727957099;3;0;14;8;0.00426983833313;0.780494451523;0.554054021835;False
3;2;2612;111.204557524;35.8040753087;3;0;10;8;0.00274181365967;0.128822088242;0.081151008606;False
3;2;2623;2843.14741118;2843.14741118;1;0;3;3;0.000726938247681;0.00918626785278;0.0139620304108;False
3;2;2640;39.9999998212;36.7980790291;5;2;10;10;0.00244474411011;0.0469441413879;0.046187877655;False
3;2;2644;2096.93295539;2096.93295539;1;0;5;5;0.00113034248352;0.0175268650055;0.0286540985107;False
3;2;2645;147.401321331;147.401321331;1;0;7;7;0.00154280662537;8.25287008286;8.26502394676;False
3;2;2659;221.687330177;221.687330177;1;0;8;8;0.00156879425049;9.37513828278;9.3873360157;False
3;2;2663;43.061775906;38.2051348817;3;1;5;5;0.00168108940125;0.0422732830048;0.0648100376129;False
3;2;2669;3028.42732139;3028.42732139;1;0;7;7;0.00166130065918;0.0283324718475;0.0373401641846;False
3;2;2672;348.516124342;348.516124342;1;0;7;7;0.00156378746033;0.0373885631561;0.0507888793945;False
3;2;2674;39.9999914048;31.6920177417;11;4;10;9;0.00321459770203;0.0537843704224;0.0362360477448;False
3;2;2693;458.283127154;458.283127154;1;0;7;7;0.00129699707031;0.021644115448;0.0291659832001;False
3;2;2703;284.540563968;284.273283116;5;2;9;9;0.0022144317627;0.0634269714355;0.0576319694519;False
3;2;2708;11632.60363;11632.60363;1;0;44;44;0.00909423828125;62.8618896008;62.8919091225;False
3;2;2717;11987.712841;11987.712841;1;0;90;90;0.01691365242;0.278733968735;0.327614784241;False
3;2;2718;1858.78772955;1858.78772955;1;0;8;8;0.00150036811829;0.0259103775024;0.033264875412;False
3;2;2719;57.3555583243;48.8834325079;3;1;12;10;0.00278329849243;0.0671925544739;0.0636420249939;False
3;2;2722;2999.54914484;2970.38464152;3;1;9;6;0.00210905075073;0.0453906059265;0.0301928520203;False
3;2;2723;56.7152870556;44.7725459361;3;1;11;10;0.00240564346313;0.0421049594879;0.0431640148163;False
3;2;2736;3653.61379192;3653.61379192;1;0;3;3;0.000789165496826;0.012934923172;0.0185708999634;False
3;2;2737;5467.90947887;5467.90947887;1;0;20;20;0.00449013710022;39.482301712;39.4990899563;False
3;2;2748;67.0462093299;43.3176797353;7;2;9;5;0.00452136993408;0.306164503098;0.0625660419464;False
3;2;2751;51.4545784424;36.802778887;3;0;10;10;0.00238156318665;0.0496408939362;0.04754114151;False
3;2;2759;81.3777556921;81.3777556921;1;0;5;5;0.0010392665863;0.0159921646118;0.0224838256836;False
3;2;2768;6488.35498016;6488.35498016;1;0;7;7;0.00125074386597;0.0205252170563;0.0271670818329;False
3;2;2776;2545.11886866;2545.11886866;1;0;6;6;0.00130534172058;0.0180361270905;0.0248367786407;False
3;2;2778;78.267679321;62.5974352763;3;0;8;8;0.00222897529602;0.0730948448181;0.0686459541321;False
3;2;2785;2155.12623787;2125.17322521;3;1;6;3;0.00158715248108;0.0359756946564;0.0309891700745;False
3;2;2786;40.0000198146;37.5147550086;5;2;9;6;0.00245237350464;0.0382492542267;0.0266721248627;False
3;2;2788;111.530731703;59.9164066294;3;0;10;5;0.00236129760742;0.0805821418762;0.041118144989;False
3;2;2791;175.017202118;159.346811293;5;1;6;3;0.00189995765686;0.0485253334045;0.0260310173035;False
3;2;2796;68.4891132456;68.4891132456;1;0;12;12;0.00216245651245;0.039740562439;0.0530009269714;False
3;2;2797;46.7378822902;34.2399507618;7;0;9;9;0.00268793106079;0.0634377002716;0.0364000797272;False
3;2;2798;43.0901703448;37.7638462619;3;1;7;7;0.0016782283783;0.0280039310455;0.024297952652;False
3;2;2805;4247.04820917;4247.04820917;1;0;4;4;0.00102639198303;0.0164680480957;0.0225977897644;False
3;2;2808;2305.78689381;2305.78689381;1;0;5;5;0.00169897079468;4.29636001587;4.31619000435;False
3;2;2816;11887.9132264;11887.9132264;1;0;120;120;0.0231847763062;0.390458345413;0.454967975616;False
3;2;2826;78.1927993432;74.4307144293;5;2;10;9;0.00410413742065;0.191200017929;0.183478116989;False
3;2;2828;59.613447638;54.9254190416;5;2;7;6;0.00205039978027;0.0520324707031;0.0387349128723;False
3;2;2829;64.306516199;58.9930813281;7;2;11;11;0.00315284729004;0.0604362487793;0.0518589019775;False
3;2;2844;71.7904697371;71.2767942374;3;0;5;5;0.00186681747437;12.5332252979;4.1840839386;False
3;2;2870;40.0000152115;32.4217572502;7;3;8;8;0.00305819511414;0.0559957027435;0.0527119636536;False
3;2;2871;1855.84907639;1855.84907639;1;0;5;5;0.00121879577637;0.0253450870514;0.0320370197296;False
3;2;2874;237.323655344;237.323655344;1;0;13;13;0.00284886360168;0.0543739795685;0.0697560310364;False
3;2;2876;203.396485956;203.396485956;1;0;10;10;0.00216627120972;0.0336670875549;0.0451140403748;False
3;2;2879;79.7080494452;73.6453882116;5;0;11;10;0.00343918800354;0.118658542633;0.0722091197968;False
3;2;2886;116.641297267;116.641297267;1;0;8;8;0.0016393661499;0.0411756038666;0.0499360561371;False
3;2;2903;40.0000058775;33.0926009086;7;2;11;11;0.00406837463379;0.0638337135315;0.0596880912781;False
3;2;2906;70.6110962971;57.6503772547;3;0;6;6;0.00181126594543;12.470651865;8.31189990044;False
3;2;2916;103.201002483;103.201002483;1;0;8;8;0.00218319892883;0.0542688369751;0.0791759490967;False
3;2;2917;103.562769673;101.574861921;5;1;7;4;0.00281882286072;0.0490696430206;0.0318791866302;False
3;2;2921;81.202440903;77.2699064265;5;2;31;6;0.0062735080719;0.277598142624;0.0519781112671;False
3;2;2927;92.4728837471;42.7034220172;5;1;10;9;0.00311207771301;16.8673744202;4.19922208786;False
3;2;2928;89.0874055743;88.5724067802;9;3;5;5;0.00250601768494;0.049147605896;0.0306360721588;False
3;2;2932;87.7873802405;76.4328341684;3;0;5;5;0.00160932540894;3.59708499908;3.59360480309;False
3;2;2936;40.1535349574;29.4566576458;9;3;8;7;0.0034704208374;0.0996203422546;0.192560195923;False
3;2;2937;39.9999875229;32.141893352;5;2;9;9;0.00234341621399;0.0520761013031;0.0510990619659;False
3;2;2938;2427.51553983;2427.51553983;1;0;4;4;0.000825166702271;0.0127172470093;0.0178689956665;False
3;2;2945;12487.001302;12487.001302;1;0;61;61;0.0102381706238;65.5360558033;65.5683779716;False
3;2;2950;1962.45898314;1962.45898314;1;0;54;54;0.010190486908;0.17263007164;0.203832149506;False
3;2;2954;2032.84880888;2032.84880888;1;0;66;66;0.0122618675232;0.180400848389;0.216897964478;False
3;2;2956;43.8273775811;37.5592780254;3;1;6;6;0.00148987770081;3.75281023979;0.0261900424957;False
3;2;2960;7251.18885591;7251.18885591;1;0;4;4;0.000969886779785;0.0203411579132;0.0258190631866;False
3;2;2967;88.0366069937;87.5398242408;3;0;11;11;0.00229978561401;0.0631382465363;0.0488469600677;False
3;2;2971;50.4997918749;39.4526570309;3;1;9;7;0.00213193893433;0.0390343666077;0.0386371612549;False
3;2;2974;129.69036852;129.69036852;1;0;10;10;0.00196623802185;8.19955825806;8.22416806221;False
3;2;2982;425.106954646;425.106954646;1;0;11;11;0.00195360183716;6.86065745354;6.873087883;False
3;2;2984;72.8740982606;44.7752990697;7;2;8;4;0.00259137153625;0.0870213508606;0.0424780845642;False
3;2;2985;1791.50751606;1791.50751606;1;0;7;7;0.0014967918396;0.0233223438263;0.0334599018097;False
3;2;2987;40.0000050215;26.1090049118;7;1;11;10;0.00360918045044;8.22764372826;0.0525639057159;False
3;2;2988;5721.35174325;5721.35174325;1;0;8;8;0.00138235092163;0.0189821720123;0.0271348953247;False
3;2;2989;241.189327508;236.269792824;3;1;6;4;0.00140285491943;0.0225162506104;0.0203049182892;False
3;2;2992;48.40669299;46.5517869634;5;2;12;10;0.00272607803345;0.0556085109711;0.0415368080139;False
3;2;2995;197.249827624;190.046267415;5;1;12;12;0.00302338600159;0.0645444393158;0.052255153656;False
3;2;3021;40.0000245652;29.1072932983;5;1;12;12;0.00286769866943;0.0491094589233;0.0460860729218;False
3;2;3022;40.0000073931;32.3634874487;7;3;8;8;0.00267195701599;0.0434970855713;0.0414528846741;False
3;2;3025;100.697359948;38.2748162983;3;1;13;11;0.00270962715149;0.0581579208374;0.051931142807;False
3;2;3029;121.964344659;121.964344659;1;0;5;5;0.00133323669434;4.38595700264;4.39658498764;False
3;2;3036;3101.78901903;3101.78901903;1;0;65;65;0.0125682353973;0.264281511307;0.303043842316;False
3;2;3041;63.122391625;52.8143700755;5;1;14;13;0.00393748283386;0.256172418594;0.283137083054;False
3;2;3046;150.684289065;33.7917011312;3;1;13;6;0.0034544467926;9.82707667351;0.106882095337;False
3;2;3054;52.1689920505;49.9853806735;5;1;12;11;0.00297164916992;0.0630781650543;0.0529890060425;False
3;2;3068;49.741010637;37.7608071439;3;1;7;7;0.00166511535645;0.024092912674;0.0290291309357;False
3;2;3073;388.261282776;388.261282776;1;0;4;4;0.000954866409302;0.0165293216705;0.0230050086975;False
3;2;3078;287.6839354;287.6839354;1;0;6;6;0.00124931335449;0.0327181816101;0.0406639575958;False
3;2;3079;47.4217697607;39.1446195689;11;4;10;10;0.0036826133728;13.7998316288;0.0454502105713;False
3;2;3084;175.228056489;175.228056489;1;0;4;4;0.000911235809326;5.38756585121;10.8652009964;False
3;2;3102;59.761725876;55.4261811043;5;1;5;5;0.00210809707642;0.0539877414703;0.0316851139069;False
3;2;3105;2232.39318378;2232.39318378;1;0;4;4;0.00103282928467;0.0217931270599;0.0286011695862;False
3;2;3109;153.480135714;133.740331512;5;0;6;5;0.0018949508667;0.0726408958435;0.0296909809113;False
3;2;3130;153.210563387;151.831765568;3;1;9;9;0.00278520584106;11.2457644939;11.9996750355;False
3;2;3140;8140.93105893;8140.93105893;1;0;101;101;0.0196671485901;0.311543941498;0.367897987366;False
3;2;3142;53.1195434024;53.1195434024;1;0;7;7;0.00133514404297;0.0231690406799;0.0310130119324;False
3;2;3155;53.0705657514;41.8518589194;5;1;10;10;0.00253939628601;0.0481903553009;0.0404100418091;False
3;2;3162;1562.51523139;1562.51523139;1;0;59;59;0.0108649730682;0.18413567543;0.217627048492;False
3;2;3164;43.8453237799;42.2026089962;5;1;6;6;0.00300478935242;0.0596797466278;0.0487098693848;False
3;2;3169;39.9999866818;29.2742675017;3;1;12;12;0.00252437591553;0.0460360050201;0.0524580478668;False
3;2;3170;50.7571209056;48.2954021222;5;1;15;13;0.00391578674316;19.4306747913;4.98605513573;False
3;2;3177;97.3580865463;97.3580865463;1;0;6;6;0.00130534172058;0.0356357097626;0.0503787994385;False
3;2;3180;6008.84177999;6008.84177999;1;0;5;5;0.00156879425049;0.0693297386169;0.0773601531982;False
3;2;3182;49.7536813703;47.7420125706;3;1;6;6;0.00158786773682;8.91679120064;8.90198993683;False
3;2;3188;161.923180717;38.0854845611;5;1;15;10;0.00369906425476;25.4224495888;0.036171913147;False
3;2;3190;6640.25327403;6640.25327403;1;0;58;58;0.0110251903534;0.197492599487;0.231276035309;False
3;2;3208;39.9999911635;28.2313704373;11;4;10;8;0.00351166725159;0.0798616409302;0.043053150177;False
3;2;3210;3174.41118534;3174.41118534;1;0;5;5;0.00137090682983;0.0334131717682;0.0405550003052;False
3;2;3214;10282.2910373;10282.2910373;1;0;60;60;0.0107491016388;0.191764116287;0.225661039352;False
3;2;3222;336.96820613;336.96820613;1;0;3;3;0.000835180282593;0.0106358528137;0.0171220302582;False
3;2;3226;149.627382482;149.627382482;1;0;14;14;0.002760887146;4.44334506989;4.45569586754;False
3;2;3230;40.0000122217;32.4879319725;7;3;10;10;0.00300121307373;0.0884869098663;0.0605440139771;False
3;2;3239;217.676109473;217.676109473;1;0;8;8;0.00181698799133;9.74468398094;9.75765895844;False
3;2;3240;39.9999861325;35.4061478138;9;2;7;7;0.00301742553711;0.0558135509491;0.0387411117554;False
3;2;3242;505.489296442;505.489296442;1;0;9;9;0.00192022323608;0.0393524169922;0.0485429763794;False
3;2;3247;9969.67907376;9969.67907376;1;0;6;6;0.00129103660583;0.0269317626953;0.037034034729;False
3;2;3253;40.0000076079;21.6600300723;7;3;8;8;0.00323033332825;0.232035636902;0.240638017654;False
3;2;3264;99.8784789021;99.8784789021;1;0;7;7;0.00166296958923;0.0382976531982;0.0477669239044;False
3;2;3267;2763.88978551;2763.88978551;1;0;6;6;0.00143122673035;0.0179324150085;0.0255620479584;False
3;2;3271;39.9999973697;26.6130556958;5;2;10;9;0.00258183479309;0.0412421226501;0.0392708778381;False
3;2;3276;40.0000066463;30.2949983282;11;5;9;9;0.00344657897949;0.0784313678741;0.0552251338959;False
3;2;3279;89.2327193584;87.5291708292;5;1;7;7;0.00217151641846;0.0554661750793;0.0596787929535;False
3;2;3282;73.2753721634;72.5138114009;3;1;15;15;0.00333189964294;0.0895051956177;0.092658996582;False
3;2;3284;43.7821351424;35.2643346297;5;1;12;10;0.00403141975403;4.86343026161;0.149185180664;False
3;2;3288;47.4822307964;43.7793596221;5;2;6;6;0.00222992897034;0.0368859767914;0.0345511436462;False
3;2;3290;45.5091598083;33.2763578246;15;6;11;11;0.00524544715881;0.297060251236;0.258652925491;False
3;2;3292;1294.06263;1294.06263;1;0;58;58;0.0142624378204;0.656988620758;0.702504873276;False
3;2;3296;16616.27015;16616.27015;1;0;201;201;0.04265666008;0.626998662949;0.737903118134;False
3;2;3306;90.067706609;43.9064651427;3;1;18;14;0.00449538230896;0.117724657059;0.0862410068512;False
3;2;3319;134.419512597;134.419512597;1;0;9;9;0.00196409225464;3.83357810974;3.84273195267;False
3;2;3323;109.598792369;103.945277775;5;1;14;10;0.00343132019043;15.9579904079;6.04946899414;False
3;2;3326;44.5153333515;35.9221023457;7;1;14;12;0.00423645973206;24.3113555908;0.0470399856567;False
3;2;3336;72.5145144248;69.0387119347;5;1;9;9;0.00263571739197;0.0468180179596;0.0411598682404;False
3;2;3337;89.9536349645;89.9536349645;1;0;5;5;0.00105905532837;4.98165988922;9.09786510468;False
3;2;3339;55.2316375956;48.5822322579;5;2;6;5;0.00201201438904;0.0427441596985;0.0368409156799;False
3;2;3340;51.3874324231;36.4790712931;3;1;9;7;0.00222778320312;0.0408108234406;0.0354278087616;False
3;2;3346;547.875027146;539.056741323;3;0;9;8;0.00238943099976;0.0824837684631;0.0578401088715;False
3;2;3352;5315.49536293;5315.49536293;1;0;5;5;0.00128221511841;0.0695178508759;0.0895900726318;False
3;2;3360;51.0676167995;47.8869460032;5;2;11;9;0.00273251533508;0.056492805481;0.0511021614075;False
3;2;3366;39.9999734157;27.7463509662;11;4;14;13;0.00437426567078;0.082123041153;0.0632228851318;False
3;2;3367;489.003779589;489.003779589;1;0;8;8;0.00181889533997;4.958091259;4.96825385094;False
3;2;3378;7912.18895961;7912.18895961;1;0;49;49;0.00846457481384;0.153271198273;0.23673415184;False
3;2;3380;611.160385793;46.8461685899;5;0;11;10;0.00342750549316;25.675358057;8.92083215714;False
3;2;3382;282.81704188;282.81704188;1;0;6;6;0.00119376182556;0.0285453796387;0.0388171672821;False
3;2;3394;39.999973817;38.3378641494;7;3;8;7;0.00275778770447;0.0511322021484;0.0414600372314;False
3;2;3404;523.511505212;523.511505212;1;0;5;5;0.00105094909668;0.0158517360687;0.0236480236053;False
3;2;3420;51.6100974487;42.0860270653;3;1;13;12;0.00283646583557;0.0588371753693;0.0593340396881;False
3;2;3425;1314.37278026;1314.37278026;1;0;9;9;0.00180768966675;4.54839205742;8.68255901337;False
3;2;3427;41.4648857253;26.3758693203;3;0;9;9;0.00214624404907;9.30609273911;0.0522110462189;False
3;2;3439;67.0611701194;46.3468257251;3;1;8;6;0.00231266021729;0.0433588027954;0.0433061122894;False
3;2;3440;127.070413859;127.070413859;1;0;14;14;0.00280547142029;0.0573344230652;0.0705060958862;False
3;2;3451;2940.47704479;2940.47704479;1;0;3;3;0.000712156295776;0.0144288539886;0.0211400985718;False
3;2;3458;52.2894180759;49.6440230608;5;2;5;5;0.00176882743835;13.6870713234;9.2601878643;False
3;2;3471;57.101925847;56.8422236511;5;1;9;8;0.00222206115723;0.0411603450775;0.0307409763336;False
3;2;3475;8046.22953905;8046.22953905;1;0;65;65;0.0119578838348;0.21071267128;0.247004032135;False
3;2;3478;1414.09373193;1414.09373193;1;0;7;7;0.00134086608887;0.0231187343597;0.0347700119019;False
3;2;3484;114.242168931;114.242168931;1;0;2;2;0.000591993331909;4.38416314125;4.38953709602;False
3;2;3486;48.9762144763;46.857973954;5;2;6;6;0.00212430953979;0.0338909626007;0.0322999954224;False
3;2;3488;6129.11758427;6129.11758427;1;0;22;22;0.00428247451782;0.10183596611;0.119142055511;False
3;2;3489;2637.67909422;2637.67909422;1;0;6;6;0.00132322311401;0.0265634059906;0.0341100692749;False
3;2;3498;81.7259284222;29.8384945884;9;2;21;12;0.00663995742798;45.5346331596;0.0462560653687;False
3;2;3500;134.955804341;134.955804341;1;0;9;9;0.0024311542511;0.0491619110107;0.0606250762939;False
3;2;3502;71.6971646363;58.7020827947;3;0;11;11;0.00230860710144;0.0526916980743;0.0596270561218;False
3;2;3505;64.4549802711;61.6740563365;3;1;5;5;0.00148439407349;0.0388147830963;0.0442929267883;False
3;2;3512;40.0000038143;36.1059815852;7;2;9;9;0.0026433467865;0.0525367259979;0.0386581420898;False
3;2;3520;127.081303341;127.031669783;3;1;15;15;0.003826379776;3.90390062332;7.94799900055;False
3;2;3524;4123.36744702;4123.36744702;1;0;7;7;0.00135111808777;0.0195519924164;0.0287480354309;False
3;2;3526;146.733762392;146.733762392;1;0;5;5;0.00118470191956;5.2527551651;5.26089000702;False
3;2;3538;560.400296331;532.602683316;9;2;10;8;0.0035240650177;0.130692481995;0.066241979599;False
3;2;3542;142.586217149;142.586217149;1;0;12;12;0.00229573249817;0.0404243469238;0.0562109947205;False
3;2;3545;40.7431638124;29.9597303805;11;2;11;9;0.00385761260986;0.0775837898254;0.0417869091034;False
3;2;3548;39.9999880754;34.4271556112;7;2;9;9;0.00269627571106;0.0466072559357;0.0371179580688;False
3;2;3558;88.397868503;83.4914903151;5;1;8;8;0.00249075889587;0.0696394443512;0.0683958530426;False
3;2;3564;4015.31334651;4015.31334651;1;0;16;16;0.00319528579712;60.943656683;60.9571027756;False
3;2;3574;133.715884402;133.715884402;1;0;3;3;0.00098991394043;6.5262298584;6.5761320591;False
3;2;3582;39.9999963733;35.0469787478;9;4;8;8;0.00281429290771;0.0598773956299;0.0366468429565;False
3;2;3586;1063.71331918;1063.71331918;1;0;50;50;0.0127644538879;0.76770734787;0.871634960175;False
3;2;3591;54.9047562468;41.6825398812;15;5;14;14;0.00700712203979;40.3941550255;11.7924628258;False
3;2;3596;230.3979223;230.3979223;1;0;11;11;0.0019326210022;0.045478105545;0.0588209629059;False
3;2;3597;112.226327127;112.226327127;1;0;3;3;0.000708103179932;5.27483773232;9.74720788002;False
3;2;3599;53.5312195305;41.3730955066;7;1;9;6;0.00307536125183;0.089635848999;0.0341920852661;False
3;2;3609;6306.40419336;6306.40419336;1;0;4;4;0.00085973739624;0.0193061828613;0.0248010158539;False
3;2;3618;2485.17490112;2485.17490112;1;0;9;9;0.001877784729;0.0301005840302;0.0390501022339;False
3;2;3619;58.2526434305;55.3720676817;7;2;13;13;0.00361776351929;0.104139089584;0.0636129379272;False
3;2;3622;2690.19504986;2690.19504986;1;0;6;6;0.00121259689331;0.0133740901947;0.0232717990875;False
3;2;3631;47.0677111141;44.0855471074;5;1;9;8;0.00222086906433;0.0446949005127;0.0375847816467;False
3;2;3633;62.9089226574;36.2897368345;5;1;12;11;0.00283741950989;0.0545399188995;0.0428700447083;False
3;2;3637;48.7993257574;35.1244741017;7;2;10;9;0.00332689285278;7.59982562065;0.0483019351959;False
3;2;3661;143.819152159;143.819152159;1;0;7;7;0.00136113166809;0.0316588878632;0.0399460792542;False
3;2;3664;412.023762669;412.023762669;1;0;7;7;0.00169515609741;3.79773235321;7.2463490963;False
3;2;3673;1288.74283701;1288.74283701;1;0;13;13;0.00352954864502;0.0479593276978;0.0692689418793;False
3;2;3680;413.306987868;413.306987868;1;0;15;15;0.00310730934143;0.0781388282776;0.101513147354;False
3;2;3711;727.376884785;39.7548859623;3;0;13;6;0.00371193885803;0.0922753810883;0.032124042511;False
3;2;3720;9987.68226544;9987.68226544;1;0;55;55;0.0100350379944;0.209353208542;0.241373062134;False
3;2;3721;111.360219876;111.360219876;1;0;15;15;0.00267934799194;0.0376834869385;0.0491271018982;False
3;2;3723;5666.03253856;5666.03253856;1;0;4;4;0.000855922698975;0.0173377990723;0.0237350463867;False
3;2;3729;153.939474665;42.9087104772;5;2;16;9;0.00366878509521;0.112216234207;0.0359570980072;False
3;2;3732;51.4485216162;46.5201455541;3;1;9;9;0.00224757194519;0.0353102684021;0.0399439334869;False
3;2;3736;396.598394884;396.598394884;1;0;12;12;0.00226736068726;12.7084264755;12.7264509201;False
3;2;3740;40.0963886765;28.2310560728;7;3;11;11;0.00306296348572;0.0404543876648;0.0372591018677;False
3;2;3748;3088.74496455;3088.74496455;1;0;4;4;0.00087833404541;0.0142982006073;0.0198731422424;False
3;2;3752;91.8728122476;90.2508538416;3;1;7;7;0.00165987014771;0.0363879203796;0.0368800163269;False
3;2;3757;2220.91545357;2218.85096065;5;2;4;3;0.00149297714233;0.0256841182709;0.0188159942627;False
3;2;3758;95.1070515923;89.8899388495;3;0;9;9;0.00199747085571;0.0427758693695;0.0453560352325;False
3;2;3761;39.9999986792;39.2813650278;9;3;7;7;0.00279974937439;0.0545661449432;0.0388569831848;False
3;2;3762;1091.29825456;1091.29825456;1;0;17;17;0.00322151184082;0.0817813873291;0.0950200557709;False
3;2;3772;97.5348402494;82.1142676614;3;1;8;8;0.00198292732239;0.0407090187073;0.0430178642273;False
3;2;3777;39.9999992608;36.0691597094;5;2;11;11;0.00285005569458;0.0443522930145;0.0451018810272;False
3;2;3781;5047.63672781;5047.63672781;1;0;5;5;0.00114011764526;0.0216240882874;0.0286870002747;False
3;2;3791;86.909254835;81.391288512;7;3;15;15;0.00348258018494;0.0534729957581;0.0504729747772;False
3;2;3802;50.6042450587;46.1801974215;9;3;10;10;0.00313401222229;0.0647950172424;0.0448508262634;False
3;2;3808;69.3819573188;67.019552861;3;0;4;4;0.00126171112061;0.0376069545746;0.0261330604553;False
3;2;3816;2359.90350587;2359.90350587;1;0;5;5;0.00101041793823;0.0199077129364;0.0259900093079;False
3;2;3822;87.36354282;64.1668376899;5;1;8;7;0.00231194496155;0.0584235191345;0.030925989151;False
3;2;3825;40.0000089351;36.8235202182;9;3;6;6;0.00259780883789;0.0502586364746;0.0330379009247;False
3;2;3836;5238.58849315;5238.58849315;1;0;6;6;0.00125622749329;0.0270812511444;0.0345039367676;False
3;2;3842;53.6002004667;45.5101208692;3;1;7;7;0.00183486938477;0.0263695716858;0.0299191474915;False
3;2;3845;3247.61267238;3247.61267238;1;0;7;7;0.00145173072815;0.0231215953827;0.0302278995514;False
3;2;3846;580.613706988;565.157343306;3;0;10;9;0.0023205280304;0.0567228794098;0.0522100925446;False
3;2;3856;7357.76391906;7357.76391906;1;0;6;6;0.00118899345398;0.0212118625641;0.028666973114;False
3;2;3858;57.7413694362;48.5040624513;5;1;13;11;0.00307822227478;20.3917133808;5.13646507263;False
3;2;3861;766.953708625;766.953708625;1;0;47;47;0.00785756111145;0.139688491821;0.165781021118;False
3;2;3869;75.4489525143;71.6056663569;5;2;11;11;0.00301504135132;0.091424703598;0.0778300762177;False
3;2;3880;518.189941649;39.7234275118;3;0;12;10;0.00251197814941;9.03688716888;0.0396480560303;False
3;2;3883;1289.70538757;1289.70538757;1;0;27;27;0.00500130653381;0.102627038956;0.121489048004;False
3;2;3885;61.7727961066;42.800815722;3;0;10;7;0.00225353240967;4.45440888405;0.075963973999;False
3;2;3891;165.164258141;165.164258141;1;0;8;8;0.00149059295654;0.0422382354736;0.0506098270416;False
3;2;3894;39.9999994047;35.2774129401;9;3;11;11;0.00369477272034;0.0599884986877;0.0472979545593;False
3;2;3906;2259.98442842;2259.98442842;1;0;11;11;0.00199055671692;0.0541579723358;0.063982963562;False
3;2;3914;63.1032241406;57.7729345725;9;2;10;10;0.00307369232178;0.0866718292236;0.0602290630341;False
3;2;3916;8270.38095582;8270.38095582;1;0;101;101;0.0185959339142;0.322415351868;0.375612020493;False
3;2;3923;63.2882212837;58.5538630503;7;1;8;8;0.00307822227478;31.8337452412;20.582998991;False
3;2;3928;39.9999940447;38.9576702855;5;2;11;10;0.00260949134827;0.0548665523529;0.047641992569;False
3;2;3929;3634.90497619;3634.90497619;1;0;8;8;0.00145888328552;0.0252249240875;0.0330998897552;False
3;2;3930;5507.79037236;5507.79037236;1;0;11;11;0.00200176239014;0.0364608764648;0.047847032547;False
3;2;3936;126.063347497;120.349481616;5;1;6;6;0.00189113616943;0.0382513999939;0.0293378829956;False
3;2;3941;84.2254803748;72.2377957687;5;1;9;7;0.00229597091675;0.0523383617401;0.031800031662;False
3;2;3952;52.3981775278;51.3007298502;5;2;5;5;0.00161814689636;0.022383928299;0.0213770866394;False
3;2;3955;83.798246214;67.3007426042;7;3;12;6;0.00311374664307;0.0904321670532;0.0435388088226;False
3;2;3957;9901.62706938;9901.62706938;1;0;164;164;0.0324606895447;0.666774988174;0.755060911179;False
3;2;3963;134.117031491;134.117031491;1;0;8;8;0.00153207778931;0.0227189064026;0.0363018512726;False
3;2;3968;58.1094885381;57.0567046013;3;1;8;8;0.00204539299011;9.0897371769;4.47819209099;False
3;2;3970;148.225967895;148.225967895;1;0;11;11;0.00197505950928;0.0541331768036;0.0766401290894;False
3;2;3972;58.0462610373;48.2304738722;3;0;11;11;0.00234866142273;0.0574631690979;0.0540609359741;False
3;2;3982;45.1919595753;38.4972192385;3;1;12;12;0.00263786315918;0.0374488830566;0.0435028076172;False
3;2;3987;39.9999962773;31.842388201;9;4;12;11;0.00382137298584;0.0642807483673;8.59769105911;False
3;2;3992;107.600232044;104.20141706;5;1;6;5;0.00194358825684;16.4704139233;8.15696597099;False
3;2;4000;7990.14083587;7990.14083587;1;0;27;27;0.0046980381012;0.131425857544;0.14927983284;False
3;2;4001;82.2047181026;78.1431765975;5;1;13;13;0.0031464099884;0.0637490749359;0.0654358863831;False
3;2;4019;108.863934365;106.222067085;5;1;13;13;0.00311136245728;0.0976612567902;0.0883700847626;False
3;2;4027;71.5757556885;59.6150672322;3;1;7;7;0.00174379348755;18.0238964558;18.0213930607;False
3;2;4043;74.9547812352;74.9547812352;1;0;5;5;0.00102066993713;0.0217461585999;0.0287430286407;False
3;2;4044;147.855291759;44.1759150252;3;1;11;9;0.00241208076477;0.049613237381;0.0392379760742;False
3;2;4045;358.06212433;123.661787243;3;0;10;8;0.00222134590149;0.0465657711029;0.038113117218;False
3;2;4049;54.131781875;51.7950693565;5;1;10;7;0.00253033638;8.16684985161;8.10512185097;False
3;2;4050;51.1893496729;43.0125458346;3;1;10;8;0.00224208831787;4.14098834991;0.0295860767365;False
3;2;4052;40.0000162564;39.65793927;9;4;8;7;0.00278997421265;0.0454647541046;0.0290381908417;False
3;2;4054;51.3471382999;41.1126369521;11;4;16;16;0.00539946556091;29.9845502377;4.31081008911;False
3;2;4055;43.6525216177;42.278267263;5;2;5;5;0.00170063972473;0.0239219665527;0.0228459835052;False
3;2;4058;119.164721095;119.164721095;1;0;9;9;0.00181221961975;0.042013168335;0.0517871379852;False
3;2;4060;386.173748363;386.173748363;1;0;15;15;0.00274562835693;18.049621582;18.0667741299;False
3;2;4061;64.4008318276;53.0876593852;3;1;8;7;0.00210404396057;0.0469031333923;0.0599989891052;False
3;2;4064;2950.23637954;2950.23637954;1;0;73;73;0.0132949352264;0.33792090416;0.37873005867;False
3;2;4070;63.8668691827;44.1318684885;7;1;14;12;0.0035400390625;0.10803604126;0.047131061554;False
3;2;4082;415.179728604;415.179728604;1;0;6;6;0.001216173172;0.0223078727722;0.029433965683;False
3;2;4093;77.3751532366;74.3382964157;5;1;10;8;0.00287199020386;0.120936393738;0.0728988647461;False
3;2;4095;147.629719319;141.79044267;9;4;8;8;0.00306582450867;0.0495908260345;0.0491998195648;False
3;2;4099;109.290069983;41.2018966025;5;0;14;10;0.00329208374023;0.0954401493073;0.040666103363;False
3;2;4108;39.9999699462;27.7310466339;7;2;13;13;0.00382709503174;0.0522866249084;0.0475640296936;False
3;2;4110;54.7409492394;48.560785913;7;2;5;4;0.00215244293213;0.0399687290192;0.0274310112;False
3;2;4111;7211.40023372;7211.40023372;1;0;3;3;0.000759840011597;0.0129816532135;0.0190329551697;False
3;2;4119;117.473816456;117.473816456;1;0;9;9;0.00162386894226;0.0198035240173;0.0279800891876;False
3;2;4132;7454.23806867;7454.23806867;1;0;5;5;0.00108647346497;0.0163598060608;0.0229618549347;False
3;2;4138;116.098344602;116.098344602;1;0;6;6;0.00112771987915;0.0214898586273;4.11464190483;False
3;2;4139;57.2677387086;48.0004229546;11;3;17;12;0.00471377372742;4.47819519043;0.0501430034637;False
3;2;4148;77.7814482026;74.4882784574;3;1;12;9;0.00269079208374;4.7151799202;9.34566092491;False
3;2;4155;7960.62863919;7960.62863919;1;0;65;65;0.0128054618835;0.185101032257;0.224284887314;False
3;2;4161;134.220770045;131.025036848;3;1;7;6;0.00164198875427;0.0385982990265;0.0308270454407;False
3;2;4164;800.866059591;75.8434560139;5;2;10;7;0.00240969657898;0.0378663539886;0.029186964035;False
3;2;4168;404.714074148;404.714074148;1;0;2;2;0.000606060028076;0.00855708122253;0.0140779018402;False
3;2;4177;99.7384274589;96.9110730055;5;2;13;13;0.00298261642456;0.0468242168427;0.0483269691467;False
3;2;4193;384.322833824;384.322833824;1;0;9;9;0.0016348361969;0.0302879810333;0.0385210514069;False
3;2;4194;64.4765172923;40.1512791653;3;0;12;9;0.00246644020081;0.0715575218201;0.0418210029602;False
3;2;4207;81.2430717365;81.2430717365;1;0;9;9;0.00181984901428;0.0482149124146;0.0577709674835;False
3;2;4213;61.0627965039;38.937165138;3;0;13;10;0.00255131721497;0.071412563324;0.040647983551;False
3;2;4215;878.755960859;878.755960859;1;0;62;62;0.010883808136;0.243812084198;0.278380870819;False
3;2;4218;72.3446018646;71.5839226731;5;1;9;7;0.00231003761292;0.0442428588867;0.031170129776;False
3;2;4232;39.999996381;34.9719444996;5;2;11;11;0.00264239311218;0.0485656261444;10.1090190411;False
3;2;4233;81.6201132726;77.9048442793;3;1;5;5;0.00150322914124;8.89793682098;4.49257898331;False
3;2;4246;76.4267628575;76.4267628575;1;0;3;3;0.000695943832397;0.0114307403564;0.0173559188843;False
3;2;4247;78.6141489471;72.2210999424;5;1;13;12;0.00310945510864;14.502187252;0.0532250404358;False
3;2;4253;41.0518029203;36.7471011558;3;1;7;7;0.00180768966675;0.0352411270142;0.0387690067291;False
3;2;4258;80.1571400374;79.8539329811;7;1;5;5;0.00219464302063;0.0566930770874;0.0293529033661;False
3;2;4264;42.1371692163;37.5168921334;3;1;6;6;0.00443649291992;0.0716998577118;0.0826051235199;False
3;2;4265;61.0998245785;60.9817995521;3;1;7;7;0.00489473342896;0.0990610122681;0.117048978806;False
3;2;4270;92.4209981651;88.057627326;5;1;6;6;0.00410628318787;17.6656079292;9.90207695961;False
3;2;4271;74.7043606765;70.6430637874;7;3;10;9;0.00275492668152;0.0500450134277;0.0372099876404;False
3;2;4279;54.4918956012;45.0585005139;3;1;7;7;0.00182509422302;0.0334780216217;0.0399060249329;False
3;2;4280;184.577082121;178.032384358;3;1;7;7;0.00165987014771;0.0266790390015;0.0277719497681;False
3;2;4283;89.9956833418;81.8327314232;5;0;13;10;0.00308394432068;0.053492307663;0.0329549312592;False
3;2;4284;3662.26590005;3662.26590005;1;0;9;9;0.00170564651489;0.0210440158844;0.0293090343475;False
3;2;4287;138.979572246;135.926084857;3;1;10;10;0.00212359428406;0.0549731254578;0.0672841072083;False
3;2;4288;2402.53870926;2402.53870926;1;0;70;70;0.0142364501953;222.547833681;222.592355967;False
3;2;4292;5645.76827696;5645.76827696;1;0;51;51;0.010326385498;0.208214521408;0.241667032242;False
3;2;4319;5439.72129804;5439.72129804;1;0;34;34;0.00645852088928;0.103876113892;0.129268884659;False
3;2;4321;2728.98453022;2728.98453022;1;0;8;8;0.00167632102966;0.0272426605225;0.0365180969238;False
3;2;4323;49.3799119761;45.7184758383;3;0;9;9;0.00215077400208;0.0691015720367;0.0662500858307;False
3;2;4331;4307.57279931;4307.57279931;1;0;3;3;0.000760078430176;0.0252158641815;0.0306081771851;False
3;2;4347;48.637826014;46.1587275936;3;1;10;10;0.00233435630798;0.0378818511963;0.0424118041992;False
3;2;4349;73.9278760269;56.6681145941;3;1;17;16;0.00402331352234;0.0816943645477;0.0929448604584;False
3;2;4351;39.9999957726;26.1994411889;7;3;8;8;0.0034441947937;0.142525672913;0.114943981171;False
3;2;4352;63.223023843;60.4580817179;3;1;7;7;0.00213623046875;0.0360450744629;0.04532289505;False
3;2;4360;52.7131169862;43.7168910402;7;2;5;5;0.00225448608398;19.9274418354;0.0443780422211;False
3;2;4363;45.3254848508;34.3640348226;5;0;13;10;0.00326347351074;9.25072097778;0.0442590713501;False
3;2;4367;1073.58706188;1073.58706188;1;0;7;7;0.00166702270508;0.0461947917938;0.0597329139709;False
3;2;4368;94.4386966842;91.9942658031;5;1;16;15;0.00468111038208;17.6966588497;8.42992901802;False
3;2;4378;59.1008856678;55.1159540491;3;1;7;7;0.00178527832031;0.0340523719788;0.0358128547668;False
3;2;4381;40.0000168163;31.5576148972;9;3;12;12;0.00362205505371;0.0600383281708;0.0506718158722;False
3;2;4391;211.078097584;209.474911265;5;1;7;4;0.00263810157776;8.94400119781;0.0323731899261;False
3;2;4394;230.095645129;230.095645129;1;0;6;6;0.00139760971069;5.00925683975;5.01825213432;False
3;2;4396;2635.9869168;2635.9869168;1;0;4;4;0.000927209854126;0.0200667381287;0.0257821083069;False
3;2;4398;60.6307836233;33.9878549817;5;1;10;9;0.00257706642151;15.9967896938;0.0365271568298;False
3;2;4399;96.3035957038;91.1308335367;3;0;11;8;0.00267839431763;0.0828607082367;0.0557749271393;False
3;2;4401;48.4714891056;42.0658747138;5;2;8;8;0.00258588790894;0.0805857181549;0.0897061824799;False
3;2;4411;51.6255692841;42.7166816429;5;2;6;5;0.00232410430908;11.6180508137;3.97215294838;False
3;2;4415;116.110801849;116.110801849;1;0;8;8;0.00157117843628;0.0292630195618;0.0381278991699;False
3;2;4419;1191.8134191;1191.8134191;1;0;3;3;0.000728845596313;0.00902819633484;0.0144870281219;False
3;2;4423;59.5177844951;54.3596328947;7;3;8;8;0.002361536026;0.043509721756;0.0386459827423;False
3;2;4429;74.3910018597;71.7303881119;3;1;7;7;0.0016655921936;0.0249619483948;0.0276920795441;False
3;2;4433;51.9785632951;34.2389558099;5;2;12;8;0.00293946266174;14.4445016384;0.035248041153;False
3;2;4434;49.4256528258;46.4530969146;3;1;7;7;0.00175738334656;8.88220000267;8.88791513443;False
3;2;4435;65.8102075619;57.6003826306;3;1;11;11;0.00224685668945;0.0446326732635;0.0670959949493;False
3;2;4438;39.9999894609;20.8117650572;7;3;12;9;0.00329923629761;0.0541045665741;0.0367500782013;False
3;2;4441;42.5600407255;36.7465898889;13;5;9;9;0.00381875038147;0.0776891708374;0.0454728603363;False
3;2;4442;66.7631948301;66.4702032567;3;1;16;16;0.00344920158386;0.0676379203796;0.0715620517731;False
3;2;4455;41.8623996456;33.5112973281;3;1;11;11;0.00241446495056;3.82434082031;0.0411942005157;False
3;2;4458;45.0335239272;32.178619287;3;1;7;5;0.00171780586243;0.0296950340271;0.0276110172272;False
3;2;4462;193.461835941;193.461835941;1;0;5;5;0.00117421150208;0.0179941654205;0.0259900093079;False
3;2;4467;499.392881159;499.392881159;1;0;6;6;0.00120186805725;0.0229630470276;0.0301442146301;False
3;2;4476;39.9999927967;36.1590209403;5;2;10;10;0.00281643867493;0.0457525253296;0.0451250076294;False
3;2;4480;3020.00720687;3020.00720687;1;0;3;3;0.000727891921997;0.00961399078369;0.0150339603424;False
3;2;4497;4212.85123389;4212.85123389;1;0;88;88;0.0168945789337;61.2957127094;61.3460259438;False
3;2;4498;658.245239683;40.5605580993;3;0;10;7;0.00244164466858;0.0673460960388;0.040452003479;False
3;2;4500;2484.9000094;2484.9000094;1;0;6;6;0.0012059211731;0.0210130214691;0.0282030105591;False
3;2;4503;61.2541117218;55.0793418171;5;1;13;12;0.00324106216431;0.0913283824921;0.0867960453033;False
3;2;4504;151.843428015;151.843428015;1;0;10;10;0.00197196006775;4.10475468636;4.11484789848;False
3;2;4505;199.438180503;199.438180503;1;0;14;14;0.00246381759644;4.18924093246;4.20931410789;False
3;2;4512;96.301868364;90.6830597148;5;2;13;13;0.00371146202087;8.10181331635;8.0303440094;False
3;2;4514;3168.81489166;3168.81489211;3;1;11;11;0.00236010551453;0.0409669876099;0.0756838321686;False
3;2;4533;39.9999872456;25.3742436494;5;1;10;10;0.00249934196472;0.0435037612915;0.0398590564728;False
3;2;4544;46.4170155698;40.7730526797;5;2;14;14;0.00420880317688;9.14029526711;0.0679008960724;False
3;2;4554;73.1556937411;71.665519204;7;2;13;13;0.00388193130493;0.0671021938324;0.0564060211182;False
3;2;4557;122.638156128;122.638156128;1;0;4;4;0.00100493431091;5.34737420082;5.35686588287;False
3;2;4558;3221.89560805;3221.89560805;1;0;8;8;0.00160980224609;0.0223388671875;0.0331151485443;False
3;2;4560;41.114200916;27.5747230088;3;0;10;10;0.0024676322937;6.35343909264;0.0448620319366;False
3;2;4568;729.854068539;729.854068539;1;0;48;48;0.00927257537842;0.281346321106;0.316643953323;False
3;2;4576;556.709864194;556.709864194;1;0;3;3;0.00179123878479;0.0571138858795;0.0838367938995;False
3;2;4577;138.001916523;138.001916523;1;0;8;8;0.00168633460999;0.0431399345398;0.0530979633331;False
3;2;4594;76.6802271551;72.970450391;5;2;13;13;0.00322914123535;0.0856835842133;0.0783140659332;False
3;2;4601;52.0487789881;45.879077008;3;0;8;8;0.00210237503052;0.140403747559;0.0397779941559;False
3;2;4609;1323.05165933;1323.05165933;1;0;9;9;0.00168395042419;0.035267829895;0.0457549095154;False
3;2;4615;276.867995053;43.8491931649;5;2;13;9;0.00292420387268;0.0910956859589;0.0449619293213;False
3;2;4617;111.667714025;106.607050683;3;1;13;13;0.00268125534058;0.0496435165405;0.0653839111328;False
3;2;4618;9252.29142827;9252.29142827;1;0;22;22;0.0037944316864;0.0811977386475;0.0953979492188;False
3;2;4619;12008.3094484;12008.3094484;1;0;81;81;0.0148646831512;0.25658082962;0.300641059875;False
3;2;4625;78.1792793505;75.8459945393;3;1;4;4;0.00132751464844;0.0227410793304;0.0248789787292;False
3;2;4631;386.708678422;386.708678422;1;0;7;7;0.0014808177948;4.12785816193;4.13599991798;False
3;2;4634;761.803452767;761.803452767;1;0;10;10;0.00183033943176;0.0315051078796;0.0416021347046;False
3;2;4640;55.1774868169;47.3590074037;7;3;14;12;0.00397372245789;0.062641620636;0.050094127655;False
3;2;4641;39.9999762309;29.438148149;5;2;8;8;0.00232744216919;0.03440117836;0.0383219718933;False
3;2;4644;110.120370063;44.1807417754;5;1;10;7;0.00260639190674;0.0895109176636;0.0369379520416;False
3;2;4648;91.5857161003;86.3876224258;9;3;8;7;0.00294089317322;0.0515651702881;0.0341651439667;False
3;2;4650;39.9999844869;26.28801091;7;3;12;12;0.00323343276978;0.0387790203094;0.0412158966064;False
3;2;4651;55.1944883863;38.417232813;3;1;12;9;0.0024106502533;0.0517134666443;0.0330169200897;False
3;2;4664;62.5475514006;59.255545028;5;1;11;8;0.00285148620605;0.0904769897461;0.0457429885864;False
3;2;4665;60.7429862975;50.555921207;3;1;6;6;0.00154209136963;0.0206878185272;0.0234599113464;False
3;2;4670;56.0253595799;53.0472801081;9;3;12;12;0.00387954711914;0.0704782009125;0.0558929443359;False
3;2;4672;1225.80768754;1225.80768754;1;0;5;5;0.0011899471283;5.36022281647;5.37064814568;False
3;2;4674;83.6052141765;81.9502700225;5;1;8;8;0.00358080863953;22.5322420597;24.8856170177;False
3;2;4679;127.373172635;126.183603691;5;2;7;7;0.00204968452454;0.0775978565216;0.0527601242065;False
3;2;4687;45.2520064684;39.8137351855;7;2;8;8;0.00277352333069;0.10457444191;0.0473098754883;False
3;2;4693;375.834848378;375.834848378;1;0;7;7;0.00183415412903;3.5964281559;3.60535502434;False
3;2;4710;45.2454973122;32.8891485597;3;1;10;10;0.00239276885986;0.0449986457825;0.0489230155945;False
3;2;4713;59.446109992;48.6748666371;3;1;9;8;0.00227785110474;0.0495977401733;0.0519671440125;False
3;2;4719;46.4946589295;33.4787586995;7;1;12;12;0.00387787818909;11.1772003174;0.0595021247864;False
3;2;4739;51.0738438007;51.0738438007;1;0;8;8;0.00174069404602;4.03241968155;8.10993599892;False
3;2;4742;616.672404237;616.672404237;1;0;7;7;0.00154757499695;0.0310926437378;0.039558172226;False
3;2;4753;316.23259453;288.751063241;5;0;14;11;0.00378322601318;0.105253696442;0.085547208786;False
3;2;4765;44.2570776075;38.1601448013;3;1;7;7;0.00190496444702;0.0375854969025;0.0415070056915;False
3;2;4769;44.6696695387;27.8236385091;7;3;20;16;0.00658941268921;4.23744249344;0.0599319934845;False
3;2;4770;404.56798879;404.56798879;1;0;8;8;0.00170731544495;3.58075785637;3.5956401825;False
3;2;4774;4805.18175104;4805.18175104;1;0;5;5;0.00133037567139;0.0187633037567;0.0254271030426;False
3;2;4783;97.4702943325;94.1429279479;9;3;6;6;0.00480818748474;0.096339225769;0.049350976944;False
3;2;4791;3404.90825003;3404.90825003;1;0;9;9;0.0021026134491;0.0320589542389;0.064444065094;False
3;2;4794;42.5196973495;34.1774215309;5;2;9;9;0.00244641304016;0.0831906795502;0.0660879611969;False
3;2;4798;4213.72665906;4213.72665906;1;0;70;70;0.0121238231659;0.187931776047;0.226899147034;False
3;2;4802;94.7882438613;36.7625906833;3;0;14;11;0.00323915481567;0.127256631851;0.0627579689026;False
3;2;4811;309.12003068;309.12003068;1;0;13;13;0.00279021263123;0.0562839508057;0.111025094986;False
3;2;4815;51.5287674231;47.7036462211;3;1;10;10;0.00273060798645;0.0629663467407;0.0769557952881;False
3;2;4816;61.6144368069;58.1722240271;7;2;11;11;0.00431704521179;0.316581726074;0.178378820419;False
3;2;4817;911.341168403;911.341168403;1;0;6;6;0.00172853469849;4.35590028763;4.36782288551;False
3;2;4818;77.2472443468;77.2472443468;1;0;8;8;0.00212955474854;4.95837521553;4.9689540863;False
3;2;4822;61.522733346;38.0321687773;5;1;10;6;0.00367283821106;0.404676437378;0.136999130249;False
3;2;4826;6979.59045081;6979.59045081;1;0;6;6;0.00155091285706;0.0341618061066;0.0420880317688;False
3;2;4832;83.9845780206;71.5798984835;3;0;14;14;0.00344181060791;0.110854625702;0.0959851741791;False
3;2;4833;52.8323974505;47.4556131877;5;2;9;8;0.00335645675659;18.0349407196;9.9012870