50
216
0 1
0 2
0 3
0 4
0 5
0 6
0 7
0 8
41 49
42 49
43 49
44 49
45 49
46 49
47 49
48 49
1 46
1 12
1 21
1 45
1 29
2 42
2 41
2 28
2 20
2 14
3 13
3 21
3 39
3 10
3 26
4 22
4 16
4 12
4 46
4 27
5 41
5 27
5 12
5 42
5 11
6 28
6 24
6 9
6 20
6 10
7 17
7 17
7 13
7 30
7 45
8 33
8 15
8 29
8 13
8 18
9 42
9 17
9 22
9 25
9 42
10 31
10 38
10 17
10 35
10 20
11 43
11 19
11 38
11 31
11 44
12 33
12 42
12 36
12 17
12 37
13 21
13 17
13 22
13 17
13 30
14 42
14 33
14 20
14 47
14 29
15 45
15 40
15 29
15 19
15 48
16 22
16 33
16 38
16 23
16 19
17 33
17 33
17 46
17 30
17 39
18 25
18 30
18 41
18 28
18 38
19 29
19 40
19 31
19 34
19 32
20 44
20 44
20 33
20 40
20 26
21 45
21 28
21 33
21 42
21 30
22 33
22 47
22 47
22 30
22 37
23 41
23 38
23 46
23 30
23 43
24 36
24 31
24 41
24 44
24 26
25 38
25 33
25 34
25 36
25 34
26 41
26 48
26 45
26 33
26 47
27 38
27 38
27 42
27 39
27 39
28 40
28 39
28 45
28 38
28 44
29 42
29 38
29 41
29 39
29 44
30 35
30 34
30 34
30 43
30 38
31 43
31 33
31 38
31 44
31 36
32 39
32 37
32 35
32 36
32 37
33 41
33 41
33 42
33 43
33 47
34 48
34 42
34 45
34 45
34 47
35 48
35 46
35 44
35 48
35 44
36 47
36 43
36 45
36 48
36 45
37 42
37 43
37 45
37 47
37 46
38 41
38 46
38 42
38 43
38 41
39 47
39 44
39 41
39 48
39 46
40 48
40 48
40 47
40 44
40 44
