26
174
0 1
0 2
0 3
0 4
0 5
0 6
19 25
20 25
21 25
22 25
23 25
24 25
1 8
1 23
1 16
1 14
1 12
1 14
1 17
1 19
1 22
2 8
2 21
2 20
2 21
2 14
2 12
2 11
2 13
2 7
3 23
3 17
3 24
3 15
3 22
3 22
3 15
3 15
3 15
4 20
4 8
4 8
4 12
4 7
4 7
4 19
4 12
4 10
5 8
5 23
5 20
5 23
5 22
5 16
5 16
5 18
5 21
6 20
6 21
6 9
6 18
6 19
6 18
6 17
6 8
6 15
7 21
7 22
7 15
7 15
7 17
7 14
7 22
7 22
7 21
8 16
8 21
8 18
8 23
8 22
8 14
8 18
8 13
8 16
9 19
9 22
9 15
9 16
9 15
9 21
9 16
9 15
9 20
10 13
10 13
10 15
10 21
10 13
10 16
10 24
10 15
10 20
11 13
11 13
11 21
11 13
11 20
11 17
11 23
11 19
11 19
12 24
12 16
12 23
12 15
12 23
12 24
12 22
12 18
12 15
13 22
13 19
13 23
13 21
13 20
13 21
13 21
13 20
13 22
14 24
14 23
14 24
14 23
14 22
14 22
14 20
14 22
14 24
15 22
15 24
15 22
15 20
15 22
15 23
15 24
15 22
15 19
16 24
16 23
16 24
16 24
16 21
16 23
16 22
16 21
16 24
17 22
17 24
17 19
17 19
17 23
17 24
17 23
17 22
17 19
18 24
18 21
18 20
18 21
18 22
18 20
18 24
18 24
18 23
