26
168
0 1
0 2
0 3
0 4
21 25
22 25
23 25
24 25
1 22
1 5
1 23
1 16
1 14
1 14
1 12
1 13
2 17
2 20
2 8
2 9
2 14
2 15
2 7
2 5
3 6
3 14
3 11
3 17
3 6
3 7
3 5
3 22
4 8
4 6
4 6
4 14
4 15
4 10
4 21
4 12
5 14
5 19
5 11
5 19
5 21
5 18
5 23
5 9
6 22
6 15
6 17
6 19
6 21
6 19
6 15
6 11
7 13
7 17
7 19
7 18
7 11
7 11
7 16
7 19
8 20
8 17
8 24
8 10
8 18
8 12
8 9
8 23
9 19
9 20
9 21
9 15
9 13
9 16
9 15
9 14
10 22
10 15
10 24
10 18
10 21
10 22
10 16
10 17
11 23
11 23
11 23
11 17
11 21
11 22
11 19
11 17
12 14
12 18
12 22
12 20
12 18
12 19
12 18
12 16
13 18
13 19
13 18
13 22
13 18
13 20
13 24
13 23
14 22
14 19
14 24
14 18
14 21
14 20
14 19
14 23
15 18
15 21
15 19
15 18
15 22
15 18
15 22
15 23
16 23
16 20
16 18
16 24
16 18
16 20
16 23
16 19
17 22
17 24
17 24
17 23
17 23
17 23
17 21
17 24
18 22
18 24
18 22
18 22
18 23
18 24
18 24
18 24
19 24
19 22
19 22
19 21
19 23
19 23
19 23
19 22
20 22
20 21
20 21
20 23
20 24
20 24
20 21
20 21
