38
222
0 1
0 2
0 3
0 4
0 5
0 6
31 37
32 37
33 37
34 37
35 37
36 37
1 25
1 25
1 16
1 34
1 24
1 13
1 21
2 10
2 7
2 30
2 27
2 36
2 29
2 12
3 11
3 7
3 12
3 36
3 21
3 23
3 16
4 9
4 19
4 21
4 14
4 34
4 22
4 11
5 15
5 18
5 9
5 25
5 36
5 10
5 23
6 15
6 17
6 29
6 18
6 17
6 22
6 8
7 26
7 31
7 35
7 30
7 13
7 21
7 17
8 31
8 31
8 30
8 33
8 29
8 31
8 15
9 33
9 34
9 19
9 21
9 13
9 25
9 33
10 24
10 16
10 35
10 33
10 36
10 34
10 24
11 22
11 23
11 26
11 27
11 17
11 16
11 20
12 18
12 24
12 17
12 28
12 34
12 26
12 25
13 27
13 26
13 21
13 21
13 21
13 25
13 35
14 21
14 19
14 25
14 25
14 32
14 34
14 25
15 32
15 31
15 24
15 21
15 23
15 29
15 22
16 22
16 33
16 27
16 31
16 24
16 31
16 34
17 20
17 31
17 32
17 26
17 36
17 32
17 28
18 21
18 20
18 26
18 21
18 36
18 30
18 25
19 36
19 27
19 25
19 35
19 25
19 29
19 35
20 30
20 33
20 26
20 31
20 33
20 29
20 25
21 33
21 27
21 26
21 34
21 27
21 32
21 29
22 27
22 27
22 30
22 27
22 27
22 25
22 27
23 30
23 34
23 28
23 29
23 25
23 32
23 27
24 29
24 36
24 30
24 34
24 33
24 31
24 32
25 35
25 35
25 36
25 35
25 32
25 32
25 36
26 32
26 33
26 32
26 32
26 33
26 31
26 34
27 35
27 35
27 35
27 33
27 33
27 32
27 31
28 31
28 31
28 32
28 35
28 31
28 31
28 31
29 31
29 31
29 32
29 33
29 34
29 32
29 32
30 33
30 31
30 31
30 32
30 31
30 33
30 34
