74
648
0 1
0 2
0 3
0 4
0 5
0 6
0 7
0 8
0 9
64 73
65 73
66 73
67 73
68 73
69 73
70 73
71 73
72 73
1 44
1 31
1 69
1 27
1 25
1 71
1 23
1 60
1 45
1 30
2 52
2 55
2 44
2 49
2 43
2 48
2 28
2 62
2 62
2 27
3 55
3 72
3 59
3 13
3 18
3 60
3 15
3 19
3 10
3 49
4 34
4 44
4 69
4 28
4 59
4 19
4 24
4 72
4 69
4 60
5 28
5 48
5 42
5 62
5 24
5 11
5 36
5 40
5 61
5 25
6 58
6 43
6 24
6 42
6 47
6 30
6 29
6 50
6 40
6 29
7 24
7 62
7 61
7 18
7 17
7 48
7 27
7 31
7 45
7 23
8 18
8 61
8 61
8 49
8 51
8 10
8 48
8 14
8 41
8 36
9 27
9 26
9 69
9 40
9 56
9 41
9 60
9 12
9 16
9 27
10 48
10 40
10 32
10 45
10 37
10 30
10 63
10 55
10 50
10 61
11 66
11 56
11 31
11 44
11 59
11 61
11 44
11 41
11 45
11 21
12 31
12 63
12 71
12 44
12 21
12 45
12 48
12 51
12 37
12 46
13 67
13 66
13 29
13 26
13 54
13 47
13 54
13 61
13 45
13 31
14 49
14 39
14 30
14 23
14 26
14 33
14 66
14 51
14 55
14 54
15 54
15 68
15 44
15 68
15 55
15 62
15 41
15 30
15 41
15 21
16 19
16 51
16 68
16 45
16 58
16 65
16 20
16 55
16 53
16 62
17 29
17 45
17 44
17 41
17 50
17 51
17 55
17 59
17 30
17 37
18 40
18 27
18 48
18 28
18 22
18 30
18 71
18 60
18 58
18 55
19 35
19 38
19 33
19 28
19 29
19 35
19 30
19 64
19 44
19 64
20 62
20 28
20 55
20 41
20 59
20 39
20 55
20 68
20 70
20 37
21 66
21 37
21 54
21 60
21 35
21 47
21 69
21 52
21 70
21 52
22 68
22 33
22 63
22 29
22 40
22 64
22 36
22 42
22 55
22 59
23 34
23 51
23 59
23 68
23 71
23 45
23 34
23 61
23 47
23 38
24 70
24 41
24 54
24 59
24 35
24 62
24 40
24 38
24 48
24 37
25 63
25 43
25 49
25 53
25 51
25 62
25 51
25 59
25 38
25 40
26 46
26 51
26 70
26 39
26 46
26 69
26 57
26 59
26 57
26 38
27 31
27 61
27 58
27 58
27 47
27 72
27 47
27 66
27 38
27 67
28 67
28 44
28 62
28 50
28 40
28 59
28 46
28 45
28 52
28 66
29 48
29 61
29 62
29 43
29 53
29 70
29 39
29 62
29 63
29 48
30 45
30 40
30 64
30 67
30 52
30 45
30 37
30 51
30 48
30 63
31 43
31 58
31 70
31 68
31 51
31 37
31 54
31 41
31 61
31 70
32 70
32 52
32 38
32 39
32 59
32 54
32 52
32 41
32 43
32 59
33 53
33 68
33 62
33 44
33 42
33 57
33 68
33 42
33 51
33 43
34 69
34 57
34 44
34 66
34 68
34 59
34 47
34 50
34 43
34 71
35 63
35 40
35 67
35 64
35 58
35 53
35 62
35 54
35 57
35 48
36 40
36 37
36 43
36 45
36 60
36 48
36 45
36 56
36 70
36 59
37 60
37 66
37 59
37 66
37 57
37 72
37 68
37 47
37 65
37 56
38 53
38 64
38 57
38 65
38 47
38 58
38 63
38 61
38 66
38 72
39 63
39 58
39 62
39 61
39 57
39 49
39 61
39 47
39 66
39 49
40 67
40 70
40 58
40 53
40 63
40 59
40 69
40 58
40 60
40 61
41 57
41 67
41 69
41 68
41 59
41 70
41 53
41 65
41 47
41 63
42 65
42 64
42 48
42 54
42 68
42 49
42 46
42 46
42 66
42 56
43 49
43 50
43 53
43 51
43 46
43 59
43 64
43 69
43 60
43 51
44 47
44 71
44 62
44 70
44 66
44 64
44 56
44 62
44 57
44 57
45 68
45 65
45 64
45 71
45 62
45 60
45 63
45 62
45 60
45 56
46 70
46 70
46 60
46 68
46 57
46 61
46 63
46 55
46 64
46 66
47 59
47 65
47 64
47 57
47 62
47 55
47 66
47 63
47 61
47 66
48 63
48 65
48 58
48 55
48 70
48 72
48 67
48 69
48 60
48 72
49 60
49 57
49 67
49 63
49 69
49 68
49 69
49 57
49 68
49 59
50 69
50 72
50 69
50 60
50 72
50 57
50 61
50 66
50 63
50 65
51 57
51 72
51 57
51 59
51 70
51 55
51 58
51 64
51 67
51 63
52 61
52 72
52 66
52 55
52 61
52 60
52 68
52 55
52 62
52 62
53 59
53 58
53 59
53 72
53 64
53 59
53 56
53 68
53 68
53 62
54 60
54 70
54 61
54 60
54 56
54 56
54 58
54 60
54 65
54 71
55 66
55 71
55 68
55 66
55 70
55 65
55 71
55 72
55 66
55 70
56 68
56 70
56 64
56 64
56 69
56 71
56 68
56 68
56 64
56 72
57 67
57 67
57 69
57 71
57 64
57 71
57 71
57 67
57 65
57 72
58 72
58 67
58 69
58 68
58 70
58 64
58 67
58 66
58 72
58 69
59 72
59 68
59 65
59 71
59 66
59 68
59 67
59 70
59 71
59 68
60 67
60 72
60 69
60 72
60 68
60 69
60 68
60 66
60 71
60 67
61 66
61 68
61 69
61 69
61 70
61 66
61 69
61 65
61 66
61 66
62 68
62 66
62 68
62 67
62 71
62 70
62 70
62 65
62 65
62 68
63 69
63 68
63 67
63 66
63 66
63 71
63 69
63 68
63 65
63 65
