37
210
0 1
0 2
0 3
0 4
0 5
0 6
0 7
29 36
30 36
31 36
32 36
33 36
34 36
35 36
1 27
1 11
1 12
1 9
1 28
1 28
1 19
2 31
2 21
2 10
2 22
2 24
2 12
2 10
3 8
3 12
3 21
3 13
3 33
3 28
3 8
4 15
4 14
4 23
4 22
4 35
4 32
4 9
5 28
5 14
5 33
5 31
5 30
5 22
5 33
6 34
6 26
6 28
6 13
6 23
6 15
6 28
7 12
7 31
7 30
7 24
7 35
7 27
7 30
8 23
8 34
8 28
8 23
8 19
8 15
8 16
9 16
9 24
9 22
9 29
9 30
9 32
9 31
10 15
10 18
10 26
10 20
10 34
10 24
10 17
11 29
11 24
11 30
11 17
11 24
11 15
11 26
12 23
12 27
12 25
12 32
12 23
12 18
12 17
13 27
13 16
13 19
13 26
13 25
13 24
13 19
14 20
14 20
14 34
14 18
14 21
14 22
14 24
15 34
15 31
15 26
15 32
15 24
15 32
15 34
16 26
16 32
16 24
16 26
16 35
16 33
16 34
17 23
17 22
17 29
17 26
17 30
17 24
17 29
18 27
18 34
18 24
18 30
18 23
18 22
18 33
19 35
19 28
19 33
19 31
19 35
19 35
19 27
20 24
20 31
20 25
20 26
20 25
20 25
20 28
21 23
21 22
21 26
21 22
21 34
21 32
21 24
22 29
22 34
22 31
22 32
22 30
22 34
22 33
23 32
23 32
23 35
23 31
23 31
23 31
23 33
24 31
24 30
24 29
24 31
24 31
24 32
24 33
25 32
25 33
25 33
25 33
25 34
25 35
25 33
26 30
26 31
26 34
26 30
26 30
26 29
26 31
27 31
27 34
27 33
27 32
27 31
27 33
27 32
28 31
28 35
28 34
28 31
28 34
28 34
28 33
