34
160
0 1
0 2
0 3
0 4
0 5
0 6
0 7
0 8
25 33
26 33
27 33
28 33
29 33
30 33
31 33
32 33
1 15
1 30
1 17
1 13
1 16
1 29
2 30
2 18
2 13
2 21
2 23
2 18
3 21
3 17
3 29
3 28
3 11
3 29
4 13
4 23
4 11
4 18
4 28
4 28
5 32
5 11
5 21
5 12
5 29
5 26
6 32
6 27
6 16
6 32
6 32
6 23
7 28
7 29
7 24
7 24
7 9
7 14
8 10
8 21
8 14
8 22
8 32
8 16
9 26
9 21
9 23
9 20
9 22
9 18
10 24
10 21
10 21
10 20
10 24
10 25
11 30
11 23
11 19
11 29
11 22
11 26
12 19
12 25
12 22
12 27
12 25
12 30
13 24
13 26
13 18
13 22
13 23
13 18
14 21
14 32
14 22
14 27
14 19
14 27
15 29
15 26
15 31
15 17
15 30
15 23
16 25
16 27
16 29
16 27
16 23
16 19
17 29
17 25
17 27
17 26
17 27
17 27
18 32
18 27
18 28
18 25
18 32
18 26
19 26
19 28
19 25
19 31
19 31
19 28
20 25
20 27
20 29
20 32
20 27
20 26
21 30
21 27
21 28
21 26
21 29
21 26
22 28
22 25
22 27
22 31
22 27
22 29
23 25
23 26
23 31
23 29
23 26
23 30
24 30
24 28
24 26
24 31
24 26
24 32
