47
306
0 1
0 2
0 3
0 4
0 5
0 6
0 7
0 8
0 9
37 46
38 46
39 46
40 46
41 46
42 46
43 46
44 46
45 46
1 35
1 24
1 27
1 15
1 19
1 41
1 41
1 28
2 31
2 32
2 37
2 43
2 10
2 29
2 24
2 44
3 39
3 22
3 40
3 39
3 11
3 11
3 19
3 28
4 44
4 17
4 35
4 41
4 15
4 17
4 44
4 20
5 11
5 41
5 25
5 20
5 16
5 36
5 18
5 17
6 39
6 25
6 15
6 39
6 44
6 45
6 17
6 17
7 37
7 11
7 27
7 18
7 28
7 36
7 36
7 27
8 23
8 26
8 38
8 44
8 13
8 37
8 18
8 14
9 12
9 14
9 40
9 19
9 40
9 28
9 26
9 13
10 34
10 38
10 42
10 22
10 37
10 31
10 36
10 44
11 31
11 35
11 25
11 22
11 33
11 41
11 39
11 35
12 37
12 30
12 34
12 40
12 30
12 22
12 24
12 30
13 44
13 25
13 39
13 19
13 23
13 38
13 31
13 27
14 19
14 44
14 30
14 38
14 45
14 21
14 25
14 30
15 26
15 32
15 34
15 40
15 27
15 43
15 30
15 34
16 27
16 45
16 28
16 27
16 21
16 22
16 39
16 36
17 28
17 21
17 36
17 21
17 29
17 37
17 29
17 30
18 35
18 30
18 22
18 35
18 21
18 28
18 35
18 28
19 39
19 39
19 32
19 36
19 28
19 34
19 33
19 43
20 31
20 31
20 41
20 31
20 34
20 41
20 39
20 32
21 34
21 45
21 43
21 36
21 37
21 45
21 29
21 42
22 29
22 30
22 29
22 31
22 28
22 37
22 29
22 40
23 30
23 33
23 28
23 28
23 37
23 34
23 42
23 38
24 35
24 37
24 42
24 42
24 32
24 33
24 28
24 38
25 31
25 42
25 44
25 38
25 39
25 45
25 34
25 40
26 29
26 36
26 41
26 28
26 43
26 42
26 40
26 43
27 28
27 38
27 44
27 37
27 42
27 40
27 30
27 32
28 38
28 42
28 37
28 40
28 45
28 44
28 41
28 39
29 38
29 40
29 40
29 40
29 37
29 45
29 43
29 37
30 44
30 45
30 37
30 41
30 42
30 38
30 38
30 42
31 39
31 43
31 40
31 45
31 44
31 40
31 40
31 43
32 43
32 38
32 37
32 43
32 43
32 42
32 43
32 45
33 43
33 45
33 39
33 43
33 44
33 44
33 41
33 40
34 43
34 41
34 42
34 37
34 42
34 41
34 40
34 45
35 37
35 44
35 42
35 44
35 38
35 45
35 42
35 45
36 44
36 40
36 40
36 41
36 45
36 44
36 40
36 40
