82
510
0 1
0 2
0 3
0 4
0 5
0 6
0 7
0 8
0 9
0 10
71 81
72 81
73 81
74 81
75 81
76 81
77 81
78 81
79 81
80 81
1 68
1 20
1 37
1 42
1 79
1 21
1 79
2 52
2 28
2 41
2 23
2 30
2 48
2 80
3 59
3 12
3 37
3 75
3 21
3 73
3 44
4 24
4 42
4 43
4 59
4 22
4 39
4 64
5 35
5 69
5 49
5 34
5 78
5 17
5 66
6 76
6 27
6 76
6 48
6 44
6 48
6 72
7 63
7 15
7 13
7 42
7 28
7 40
7 48
8 50
8 44
8 12
8 63
8 75
8 56
8 53
9 29
9 26
9 49
9 65
9 14
9 17
9 19
10 11
10 35
10 16
10 18
10 51
10 23
10 55
11 24
11 80
11 29
11 29
11 46
11 23
11 50
12 53
12 22
12 27
12 32
12 57
12 80
12 76
13 54
13 67
13 70
13 22
13 22
13 48
13 36
14 35
14 56
14 36
14 57
14 80
14 21
14 45
15 52
15 53
15 71
15 56
15 44
15 79
15 64
16 69
16 22
16 25
16 33
16 75
16 23
16 44
17 44
17 75
17 31
17 77
17 61
17 21
17 78
18 63
18 40
18 25
18 77
18 76
18 41
18 54
19 67
19 33
19 70
19 39
19 58
19 60
19 66
20 21
20 51
20 41
20 62
20 52
20 45
20 74
21 78
21 79
21 38
21 33
21 43
21 60
21 39
22 64
22 72
22 68
22 76
22 72
22 53
22 34
23 39
23 73
23 69
23 35
23 55
23 48
23 35
24 42
24 78
24 60
24 55
24 48
24 60
24 56
25 61
25 36
25 39
25 60
25 35
25 48
25 63
26 49
26 78
26 73
26 32
26 69
26 61
26 79
27 62
27 33
27 33
27 70
27 77
27 73
27 77
28 51
28 41
28 33
28 65
28 40
28 63
28 39
29 59
29 44
29 66
29 39
29 52
29 74
29 70
30 58
30 44
30 54
30 76
30 41
30 47
30 78
31 61
31 57
31 48
31 55
31 61
31 42
31 46
32 47
32 45
32 62
32 47
32 45
32 45
32 43
33 54
33 59
33 63
33 54
33 64
33 48
33 52
34 65
34 52
34 73
34 72
34 47
34 67
34 70
35 57
35 65
35 47
35 69
35 73
35 46
35 75
36 53
36 48
36 41
36 59
36 52
36 54
36 57
37 56
37 50
37 60
37 61
37 68
37 74
37 74
38 44
38 42
38 77
38 68
38 45
38 61
38 52
39 51
39 79
39 41
39 59
39 63
39 79
39 47
40 55
40 44
40 42
40 59
40 51
40 74
40 77
41 64
41 67
41 54
41 51
41 57
41 55
41 53
42 66
42 68
42 66
42 69
42 61
42 64
42 59
43 75
43 57
43 60
43 75
43 75
43 72
43 75
44 80
44 72
44 54
44 76
44 77
44 65
44 55
45 58
45 60
45 53
45 63
45 76
45 56
45 64
46 52
46 52
46 66
46 60
46 62
46 74
46 78
47 72
47 57
47 56
47 59
47 55
47 57
47 75
48 80
48 70
48 70
48 79
48 61
48 73
48 66
49 58
49 79
49 70
49 57
49 58
49 73
49 69
50 53
50 70
50 74
50 77
50 64
50 60
50 56
51 65
51 73
51 65
51 78
51 71
51 71
51 66
52 76
52 69
52 63
52 77
52 61
52 62
52 77
53 71
53 66
53 62
53 80
53 64
53 72
53 66
54 73
54 66
54 67
54 67
54 65
54 70
54 75
55 78
55 61
55 80
55 74
55 65
55 65
55 64
56 76
56 67
56 61
56 63
56 67
56 63
56 71
57 67
57 64
57 67
57 70
57 61
57 68
57 69
58 76
58 71
58 67
58 68
58 76
58 65
58 67
59 73
59 66
59 61
59 62
59 67
59 61
59 76
60 63
60 77
60 71
60 78
60 75
60 71
60 72
61 73
61 74
61 72
61 72
61 79
61 78
61 71
62 80
62 78
62 71
62 75
62 78
62 79
62 75
63 76
63 73
63 71
63 78
63 71
63 71
63 71
64 79
64 73
64 76
64 71
64 71
64 78
64 71
65 77
65 79
65 72
65 80
65 72
65 76
65 71
66 80
66 75
66 73
66 71
66 72
66 73
66 78
67 72
67 72
67 72
67 79
67 76
67 72
67 78
68 78
68 74
68 78
68 76
68 77
68 76
68 79
69 79
69 73
69 79
69 76
69 71
69 72
69 75
70 74
70 77
70 77
70 74
70 74
70 79
70 76
