23
114
0 1
0 2
0 3
19 22
20 22
21 22
1 17
1 11
1 21
1 17
1 13
1 6
2 5
2 11
2 6
2 21
2 15
2 10
3 15
3 12
3 16
3 8
3 4
3 20
4 14
4 21
4 18
4 8
4 7
4 21
5 14
5 19
5 9
5 12
5 17
5 7
6 9
6 11
6 17
6 9
6 15
6 15
7 12
7 12
7 10
7 12
7 15
7 19
8 13
8 14
8 10
8 17
8 12
8 14
9 21
9 15
9 19
9 18
9 16
9 17
10 14
10 17
10 21
10 20
10 17
10 17
11 18
11 17
11 15
11 14
11 17
11 15
12 19
12 19
12 17
12 20
12 20
12 15
13 18
13 17
13 16
13 16
13 16
13 17
14 20
14 16
14 16
14 16
14 16
14 16
15 17
15 18
15 19
15 17
15 17
15 18
16 19
16 19
16 20
16 19
16 21
16 19
17 21
17 19
17 19
17 21
17 21
17 20
18 20
18 20
18 19
18 21
18 21
18 20
