50
432
0 1
0 2
0 3
0 4
0 5
0 6
43 49
44 49
45 49
46 49
47 49
48 49
1 37
1 15
1 38
1 17
1 46
1 33
1 25
1 31
1 19
1 43
2 11
2 33
2 47
2 32
2 7
2 26
2 46
2 45
2 19
2 9
3 37
3 29
3 22
3 8
3 20
3 37
3 17
3 47
3 35
3 29
4 24
4 21
4 37
4 12
4 29
4 32
4 38
4 47
4 12
4 48
5 41
5 16
5 31
5 37
5 39
5 31
5 14
5 37
5 27
5 24
6 39
6 13
6 47
6 10
6 14
6 16
6 38
6 24
6 14
6 22
7 14
7 14
7 46
7 26
7 17
7 20
7 25
7 40
7 13
7 19
8 21
8 35
8 26
8 37
8 18
8 41
8 13
8 41
8 23
8 37
9 17
9 47
9 23
9 37
9 25
9 25
9 28
9 20
9 40
9 40
10 18
10 42
10 21
10 31
10 35
10 25
10 39
10 28
10 16
10 39
11 14
11 40
11 41
11 27
11 29
11 46
11 19
11 45
11 19
11 45
12 14
12 23
12 44
12 24
12 47
12 20
12 16
12 42
12 43
12 24
13 19
13 40
13 33
13 27
13 35
13 35
13 45
13 25
13 20
13 46
14 37
14 31
14 38
14 35
14 34
14 28
14 33
14 32
14 36
14 27
15 41
15 47
15 47
15 46
15 35
15 19
15 23
15 48
15 40
15 21
16 41
16 41
16 43
16 25
16 19
16 21
16 42
16 38
16 27
16 35
17 27
17 45
17 48
17 46
17 31
17 25
17 47
17 37
17 38
17 27
18 37
18 30
18 25
18 27
18 19
18 33
18 27
18 23
18 33
18 41
19 36
19 25
19 27
19 40
19 36
19 39
19 42
19 33
19 44
19 36
20 43
20 29
20 44
20 48
20 48
20 30
20 34
20 35
20 29
20 36
21 37
21 33
21 33
21 31
21 46
21 34
21 46
21 40
21 48
21 28
22 38
22 35
22 28
22 40
22 26
22 31
22 47
22 35
22 39
22 42
23 46
23 34
23 46
23 33
23 25
23 38
23 39
23 35
23 48
23 35
24 38
24 36
24 35
24 46
24 34
24 32
24 31
24 47
24 48
24 47
25 38
25 37
25 31
25 40
25 41
25 39
25 46
25 43
25 37
25 37
26 42
26 33
26 44
26 32
26 47
26 48
26 39
26 47
26 44
26 44
27 39
27 45
27 47
27 32
27 41
27 36
27 31
27 33
27 35
27 42
28 37
28 42
28 47
28 38
28 31
28 39
28 44
28 47
28 33
28 48
29 33
29 42
29 32
29 44
29 43
29 31
29 41
29 31
29 47
29 37
30 42
30 36
30 31
30 40
30 35
30 41
30 44
30 35
30 44
30 48
31 41
31 38
31 45
31 37
31 43
31 40
31 37
31 38
31 42
31 43
32 38
32 42
32 48
32 43
32 41
32 47
32 43
32 39
32 47
32 40
33 39
33 45
33 39
33 46
33 46
33 43
33 48
33 41
33 47
33 37
34 40
34 43
34 43
34 37
34 43
34 37
34 44
34 43
34 43
34 41
35 37
35 48
35 46
35 41
35 42
35 42
35 39
35 37
35 44
35 41
36 40
36 39
36 37
36 42
36 40
36 47
36 40
36 39
36 39
36 38
37 46
37 47
37 43
37 44
37 45
37 43
37 44
37 46
37 48
37 48
38 44
38 46
38 47
38 45
38 44
38 47
38 44
38 46
38 45
38 43
39 43
39 46
39 45
39 43
39 45
39 48
39 45
39 46
39 43
39 48
40 47
40 46
40 46
40 45
40 45
40 48
40 44
40 44
40 43
40 43
41 44
41 48
41 46
41 48
41 48
41 48
41 44
41 47
41 43
41 46
42 47
42 43
42 43
42 44
42 48
42 43
42 47
42 44
42 46
42 47
