38
207
0 1
0 2
0 3
0 4
0 5
0 6
0 7
0 8
0 9
28 37
29 37
30 37
31 37
32 37
33 37
34 37
35 37
36 37
1 29
1 26
1 28
1 35
1 24
1 35
1 29
2 22
2 16
2 20
2 33
2 14
2 15
2 17
3 15
3 14
3 16
3 10
3 35
3 20
3 18
4 36
4 34
4 16
4 27
4 18
4 36
4 32
5 20
5 20
5 15
5 28
5 10
5 22
5 15
6 13
6 20
6 35
6 14
6 26
6 34
6 10
7 19
7 12
7 33
7 14
7 33
7 12
7 30
8 31
8 12
8 11
8 20
8 36
8 18
8 10
9 33
9 33
9 32
9 32
9 16
9 10
9 24
10 34
10 21
10 36
10 35
10 22
10 32
10 30
11 19
11 28
11 19
11 28
11 21
11 34
11 21
12 33
12 34
12 33
12 26
12 25
12 25
12 27
13 33
13 31
13 34
13 30
13 27
13 20
13 25
14 25
14 27
14 19
14 20
14 29
14 35
14 19
15 31
15 30
15 28
15 29
15 21
15 29
15 36
16 22
16 24
16 21
16 34
16 19
16 35
16 21
17 26
17 21
17 27
17 20
17 34
17 24
17 29
18 24
18 23
18 34
18 28
18 32
18 34
18 30
19 31
19 30
19 28
19 32
19 31
19 35
19 33
20 31
20 34
20 33
20 32
20 30
20 33
20 30
21 29
21 31
21 30
21 36
21 31
21 30
21 28
22 28
22 35
22 30
22 32
22 31
22 34
22 30
23 33
23 29
23 30
23 34
23 32
23 30
23 30
24 35
24 36
24 33
24 29
24 33
24 29
24 32
25 36
25 32
25 34
25 35
25 33
25 36
25 34
26 28
26 36
26 32
26 28
26 35
26 32
26 30
27 36
27 29
27 33
27 30
27 31
27 35
27 36
