27
150
0 1
0 2
0 3
0 4
0 5
21 26
22 26
23 26
24 26
25 26
1 7
1 16
1 19
1 20
1 6
1 9
1 25
2 7
2 25
2 22
2 25
2 19
2 19
2 14
3 16
3 21
3 12
3 12
3 10
3 6
3 16
4 10
4 22
4 8
4 22
4 13
4 11
4 22
5 25
5 24
5 13
5 18
5 14
5 18
5 25
6 20
6 22
6 16
6 23
6 13
6 17
6 17
7 24
7 23
7 12
7 21
7 25
7 15
7 17
8 25
8 15
8 12
8 16
8 13
8 16
8 14
9 13
9 16
9 20
9 24
9 11
9 15
9 18
10 25
10 22
10 12
10 11
10 25
10 18
10 23
11 18
11 16
11 21
11 21
11 18
11 25
11 16
12 18
12 24
12 19
12 24
12 16
12 20
12 16
13 25
13 17
13 25
13 22
13 18
13 21
13 20
14 20
14 25
14 25
14 19
14 22
14 16
14 21
15 16
15 18
15 25
15 20
15 19
15 21
15 17
16 23
16 25
16 24
16 22
16 25
16 22
16 25
17 25
17 23
17 23
17 22
17 25
17 22
17 23
18 24
18 24
18 25
18 23
18 24
18 24
18 24
19 22
19 24
19 24
19 24
19 24
19 24
19 24
20 24
20 21
20 25
20 23
20 22
20 24
20 25
