47
162
0 1
0 2
0 3
0 4
0 5
0 6
0 7
0 8
0 9
37 46
38 46
39 46
40 46
41 46
42 46
43 46
44 46
45 46
1 41
1 13
1 22
1 15
2 28
2 23
2 12
2 31
3 19
3 16
3 17
3 23
4 25
4 21
4 31
4 10
5 15
5 32
5 21
5 43
6 42
6 19
6 12
6 14
7 43
7 13
7 11
7 21
8 40
8 32
8 42
8 15
9 35
9 18
9 20
9 17
10 23
10 38
10 27
10 21
11 26
11 43
11 34
11 33
12 43
12 44
12 24
12 39
13 28
13 24
13 35
13 24
14 24
14 26
14 28
14 37
15 39
15 20
15 40
15 42
16 22
16 25
16 29
16 27
17 33
17 28
17 41
17 26
18 20
18 22
18 28
18 28
19 37
19 32
19 31
19 42
20 39
20 43
20 35
20 30
21 30
21 40
21 33
21 42
22 30
22 42
22 33
22 41
23 32
23 34
23 28
23 42
24 29
24 36
24 41
24 35
25 36
25 45
25 40
25 44
26 39
26 41
26 33
26 29
27 43
27 36
27 43
27 37
28 42
28 39
28 37
28 42
29 43
29 43
29 38
29 45
30 37
30 42
30 38
30 40
31 37
31 38
31 45
31 39
32 37
32 41
32 44
32 43
33 38
33 38
33 41
33 39
34 40
34 38
34 40
34 38
35 44
35 44
35 45
35 41
36 37
36 45
36 37
36 43
