66
576
0 1
0 2
0 3
0 4
0 5
0 6
0 7
0 8
57 65
58 65
59 65
60 65
61 65
62 65
63 65
64 65
1 24
1 55
1 18
1 28
1 10
1 40
1 19
1 53
1 10
1 54
2 11
2 28
2 43
2 20
2 36
2 23
2 61
2 59
2 53
2 25
3 12
3 9
3 56
3 46
3 39
3 35
3 63
3 36
3 52
3 56
4 42
4 51
4 47
4 35
4 54
4 32
4 10
4 9
4 60
4 11
5 38
5 62
5 14
5 16
5 57
5 26
5 15
5 53
5 60
5 59
6 54
6 63
6 44
6 45
6 45
6 18
6 55
6 27
6 45
6 26
7 18
7 22
7 13
7 56
7 33
7 42
7 63
7 34
7 26
7 58
8 21
8 40
8 39
8 26
8 47
8 32
8 27
8 37
8 60
8 23
9 48
9 41
9 29
9 43
9 61
9 17
9 44
9 28
9 19
9 48
10 29
10 53
10 61
10 41
10 60
10 45
10 51
10 59
10 47
10 52
11 44
11 27
11 43
11 27
11 28
11 26
11 34
11 55
11 38
11 29
12 45
12 37
12 54
12 25
12 31
12 18
12 26
12 58
12 45
12 28
13 57
13 26
13 32
13 54
13 50
13 28
13 50
13 52
13 38
13 48
14 56
14 33
14 58
14 50
14 59
14 22
14 27
14 28
14 28
14 49
15 57
15 56
15 37
15 46
15 32
15 52
15 47
15 41
15 45
15 28
16 21
16 38
16 53
16 52
16 43
16 54
16 31
16 44
16 42
16 52
17 44
17 33
17 29
17 53
17 26
17 55
17 58
17 45
17 59
17 29
18 29
18 59
18 52
18 41
18 48
18 36
18 52
18 30
18 44
18 41
19 57
19 56
19 62
19 53
19 60
19 32
19 59
19 26
19 43
19 60
20 54
20 62
20 60
20 58
20 43
20 53
20 48
20 36
20 33
20 34
21 41
21 29
21 28
21 28
21 38
21 43
21 31
21 25
21 49
21 43
22 33
22 33
22 34
22 62
22 62
22 61
22 29
22 48
22 55
22 48
23 35
23 44
23 37
23 30
23 29
23 55
23 50
23 44
23 59
23 51
24 54
24 27
24 47
24 49
24 62
24 52
24 60
24 29
24 53
24 36
25 55
25 53
25 52
25 48
25 35
25 49
25 37
25 63
25 48
25 51
26 54
26 42
26 62
26 35
26 47
26 42
26 41
26 49
26 53
26 51
27 43
27 42
27 53
27 41
27 59
27 43
27 61
27 54
27 47
27 57
28 41
28 37
28 45
28 60
28 52
28 47
28 45
28 56
28 46
28 60
29 42
29 35
29 38
29 39
29 37
29 52
29 48
29 46
29 36
29 37
30 64
30 46
30 46
30 53
30 55
30 40
30 63
30 51
30 61
30 45
31 43
31 37
31 49
31 55
31 33
31 36
31 38
31 45
31 60
31 51
32 40
32 37
32 53
32 45
32 44
32 58
32 33
32 59
32 39
32 36
33 47
33 62
33 42
33 53
33 42
33 48
33 52
33 48
33 50
33 49
34 60
34 60
34 61
34 52
34 58
34 53
34 64
34 55
34 41
34 51
35 41
35 57
35 63
35 46
35 61
35 42
35 47
35 61
35 45
35 53
36 49
36 43
36 42
36 50
36 55
36 60
36 57
36 43
36 43
36 58
37 43
37 55
37 53
37 55
37 58
37 62
37 44
37 57
37 53
37 60
38 43
38 45
38 52
38 58
38 50
38 49
38 59
38 48
38 45
38 63
39 52
39 45
39 42
39 54
39 46
39 48
39 49
39 54
39 42
39 43
40 47
40 44
40 57
40 51
40 51
40 43
40 49
40 54
40 59
40 53
41 57
41 54
41 57
41 53
41 55
41 51
41 53
41 57
41 58
41 57
42 56
42 54
42 54
42 49
42 59
42 59
42 64
42 51
42 49
42 58
43 53
43 63
43 61
43 54
43 58
43 63
43 56
43 58
43 52
43 50
44 62
44 61
44 55
44 54
44 49
44 61
44 56
44 53
44 54
44 50
45 61
45 61
45 55
45 50
45 61
45 49
45 61
45 60
45 51
45 61
46 53
46 55
46 59
46 50
46 60
46 52
46 64
46 51
46 61
46 52
47 53
47 58
47 64
47 59
47 64
47 64
47 56
47 55
47 52
47 61
48 56
48 64
48 57
48 62
48 50
48 53
48 62
48 62
48 64
48 64
49 58
49 61
49 63
49 60
49 62
49 58
49 64
49 61
49 61
49 60
50 64
50 57
50 62
50 63
50 59
50 61
50 62
50 58
50 59
50 57
51 62
51 59
51 57
51 62
51 64
51 58
51 58
51 62
51 63
51 58
52 61
52 64
52 62
52 59
52 59
52 59
52 61
52 58
52 63
52 57
53 62
53 63
53 57
53 59
53 61
53 59
53 63
53 59
53 61
53 57
54 59
54 58
54 59
54 59
54 64
54 59
54 60
54 57
54 64
54 58
55 58
55 60
55 57
55 63
55 63
55 60
55 57
55 59
55 61
55 64
56 59
56 58
56 62
56 59
56 60
56 58
56 61
56 58
56 60
56 57
