74
522
0 1
0 2
0 3
0 4
0 5
0 6
0 7
0 8
0 9
64 73
65 73
66 73
67 73
68 73
69 73
70 73
71 73
72 73
1 59
1 13
1 14
1 30
1 51
1 66
1 64
1 28
2 35
2 40
2 52
2 37
2 50
2 51
2 29
2 46
3 47
3 61
3 37
3 42
3 10
3 24
3 23
3 31
4 45
4 49
4 39
4 46
4 55
4 70
4 13
4 41
5 10
5 16
5 62
5 49
5 72
5 51
5 65
5 35
6 18
6 45
6 62
6 56
6 23
6 17
6 29
6 59
7 66
7 54
7 28
7 66
7 67
7 41
7 22
7 37
8 15
8 49
8 11
8 61
8 46
8 12
8 27
8 47
9 18
9 16
9 21
9 16
9 57
9 14
9 41
9 63
10 31
10 55
10 20
10 42
10 51
10 64
10 19
10 62
11 53
11 44
11 62
11 63
11 48
11 48
11 36
11 43
12 33
12 26
12 38
12 34
12 47
12 55
12 33
12 71
13 26
13 60
13 41
13 44
13 64
13 61
13 62
13 38
14 60
14 25
14 62
14 38
14 32
14 24
14 28
14 66
15 50
15 33
15 72
15 25
15 62
15 36
15 65
15 39
16 43
16 30
16 70
16 33
16 67
16 30
16 32
16 36
17 71
17 70
17 61
17 25
17 59
17 50
17 44
17 62
18 56
18 33
18 27
18 70
18 39
18 52
18 25
18 32
19 47
19 70
19 65
19 36
19 31
19 65
19 54
19 28
20 49
20 42
20 41
20 59
20 71
20 70
20 67
20 41
21 65
21 56
21 63
21 67
21 67
21 43
21 29
21 49
22 47
22 54
22 46
22 47
22 51
22 59
22 42
22 32
23 63
23 41
23 41
23 66
23 33
23 67
23 29
23 62
24 44
24 42
24 48
24 42
24 46
24 43
24 62
24 38
25 33
25 52
25 33
25 72
25 30
25 34
25 48
25 49
26 60
26 28
26 30
26 46
26 67
26 44
26 50
26 57
27 64
27 70
27 51
27 70
27 72
27 59
27 66
27 43
28 53
28 50
28 46
28 44
28 54
28 61
28 43
28 59
29 65
29 39
29 41
29 67
29 71
29 50
29 41
29 56
30 69
30 43
30 45
30 63
30 66
30 66
30 54
30 58
31 43
31 48
31 44
31 69
31 70
31 64
31 46
31 50
32 57
32 72
32 37
32 39
32 40
32 60
32 61
32 68
33 62
33 45
33 63
33 40
33 59
33 47
33 40
33 71
34 54
34 48
34 41
34 63
34 57
34 38
34 48
34 64
35 50
35 71
35 40
35 63
35 42
35 66
35 57
35 63
36 65
36 57
36 65
36 68
36 44
36 69
36 43
36 50
37 49
37 51
37 69
37 53
37 71
37 63
37 67
37 50
38 55
38 51
38 58
38 48
38 70
38 68
38 48
38 65
39 55
39 52
39 65
39 70
39 54
39 49
39 49
39 53
40 49
40 48
40 55
40 55
40 62
40 61
40 57
40 54
41 56
41 53
41 61
41 70
41 71
41 71
41 63
41 53
42 49
42 48
42 55
42 47
42 59
42 47
42 66
42 69
43 69
43 47
43 55
43 66
43 66
43 58
43 46
43 70
44 60
44 71
44 68
44 65
44 59
44 52
44 47
44 58
45 59
45 51
45 55
45 46
45 50
45 61
45 69
45 69
46 55
46 59
46 61
46 57
46 69
46 62
46 60
46 63
47 70
47 69
47 56
47 55
47 72
47 72
47 68
47 57
48 70
48 63
48 57
48 72
48 67
48 56
48 56
48 60
49 59
49 63
49 61
49 70
49 61
49 57
49 58
49 59
50 59
50 62
50 61
50 71
50 69
50 67
50 61
50 65
51 63
51 62
51 65
51 61
51 61
51 58
51 61
51 56
52 66
52 61
52 72
52 60
52 62
52 55
52 65
52 65
53 61
53 69
53 62
53 67
53 70
53 65
53 71
53 56
54 71
54 60
54 55
54 65
54 70
54 61
54 57
54 60
55 67
55 67
55 64
55 71
55 68
55 69
55 71
55 70
56 66
56 68
56 64
56 72
56 66
56 64
56 64
56 72
57 67
57 71
57 67
57 64
57 71
57 65
57 64
57 67
58 68
58 71
58 68
58 65
58 66
58 71
58 69
58 67
59 72
59 67
59 66
59 68
59 72
59 71
59 72
59 66
60 66
60 71
60 65
60 68
60 71
60 72
60 67
60 72
61 68
61 70
61 71
61 66
61 70
61 71
61 69
61 65
62 67
62 72
62 65
62 69
62 70
62 68
62 71
62 67
63 71
63 64
63 71
63 71
63 71
63 69
63 64
63 64
