37
310
0 1
0 2
0 3
0 4
0 5
31 36
32 36
33 36
34 36
35 36
1 29
1 7
1 24
1 16
1 27
1 33
1 15
1 17
1 6
1 9
2 21
2 25
2 10
2 24
2 30
2 12
2 35
2 18
2 35
2 16
3 29
3 6
3 29
3 29
3 13
3 15
3 20
3 35
3 35
3 17
4 35
4 20
4 18
4 16
4 22
4 31
4 35
4 31
4 12
4 27
5 27
5 20
5 9
5 23
5 8
5 33
5 29
5 29
5 15
5 28
6 15
6 30
6 35
6 25
6 20
6 24
6 29
6 14
6 23
6 30
7 16
7 15
7 19
7 35
7 20
7 30
7 26
7 21
7 23
7 14
8 30
8 11
8 23
8 13
8 23
8 23
8 25
8 21
8 16
8 21
9 15
9 22
9 18
9 15
9 14
9 27
9 28
9 32
9 33
9 16
10 29
10 15
10 22
10 14
10 14
10 33
10 11
10 31
10 18
10 23
11 35
11 27
11 25
11 22
11 29
11 22
11 24
11 30
11 32
11 22
12 23
12 28
12 33
12 20
12 17
12 16
12 16
12 22
12 30
12 30
13 19
13 33
13 29
13 20
13 33
13 28
13 27
13 33
13 25
13 21
14 32
14 24
14 25
14 21
14 31
14 18
14 27
14 31
14 25
14 35
15 17
15 32
15 28
15 27
15 16
15 21
15 19
15 28
15 27
15 25
16 33
16 22
16 24
16 33
16 21
16 22
16 35
16 24
16 34
16 27
17 30
17 31
17 35
17 34
17 31
17 32
17 28
17 35
17 23
17 24
18 34
18 26
18 35
18 28
18 29
18 22
18 24
18 23
18 25
18 32
19 32
19 29
19 34
19 21
19 26
19 26
19 22
19 33
19 22
19 35
20 24
20 31
20 22
20 23
20 21
20 33
20 27
20 35
20 32
20 29
21 29
21 27
21 31
21 28
21 32
21 35
21 30
21 30
21 32
21 26
22 33
22 30
22 29
22 33
22 35
22 26
22 26
22 28
22 28
22 32
23 35
23 26
23 29
23 31
23 31
23 34
23 33
23 27
23 33
23 26
24 32
24 26
24 30
24 27
24 29
24 26
24 28
24 35
24 32
24 26
25 35
25 29
25 31
25 30
25 29
25 32
25 30
25 29
25 27
25 35
26 32
26 31
26 35
26 35
26 31
26 32
26 33
26 31
26 35
26 32
27 33
27 33
27 35
27 32
27 32
27 35
27 32
27 34
27 34
27 33
28 35
28 35
28 34
28 32
28 34
28 34
28 33
28 35
28 34
28 34
29 34
29 35
29 31
29 31
29 34
29 32
29 34
29 33
29 34
29 34
30 31
30 31
30 31
30 35
30 33
30 32
30 34
30 31
30 33
30 34
