42
144
0 1
0 2
0 3
0 4
0 5
0 6
0 7
0 8
33 41
34 41
35 41
36 41
37 41
38 41
39 41
40 41
1 31
1 13
1 12
1 15
2 10
2 17
2 30
2 33
3 25
3 40
3 16
3 21
4 29
4 20
4 16
4 31
5 11
5 34
5 14
5 21
6 29
6 38
6 24
6 30
7 36
7 26
7 9
7 31
8 10
8 24
8 30
8 32
9 28
9 17
9 31
9 29
10 17
10 20
10 29
10 33
11 35
11 29
11 30
11 23
12 40
12 37
12 21
12 27
13 22
13 19
13 39
13 18
14 24
14 39
14 39
14 36
15 40
15 31
15 26
15 25
16 23
16 39
16 32
16 26
17 39
17 30
17 39
17 40
18 33
18 35
18 40
18 36
19 39
19 37
19 26
19 39
20 25
20 39
20 25
20 38
21 25
21 39
21 40
21 40
22 37
22 30
22 35
22 36
23 37
23 36
23 36
23 27
24 26
24 28
24 36
24 25
25 33
25 34
25 40
25 34
26 37
26 39
26 37
26 35
27 36
27 38
27 33
27 36
28 36
28 33
28 34
28 36
29 40
29 33
29 36
29 36
30 38
30 38
30 40
30 34
31 34
31 35
31 36
31 35
32 38
32 40
32 35
32 39
