42
336
0 1
0 2
0 3
0 4
0 5
0 6
0 7
0 8
33 41
34 41
35 41
36 41
37 41
38 41
39 41
40 41
1 39
1 14
1 26
1 21
1 34
1 16
1 28
1 32
1 34
1 25
2 12
2 12
2 29
2 28
2 34
2 29
2 32
2 39
2 9
2 27
3 25
3 17
3 31
3 14
3 29
3 10
3 39
3 29
3 37
3 13
4 33
4 35
4 18
4 18
4 15
4 12
4 25
4 35
4 35
4 18
5 19
5 39
5 21
5 39
5 26
5 14
5 28
5 17
5 13
5 28
6 35
6 29
6 36
6 26
6 34
6 25
6 27
6 32
6 13
6 23
7 36
7 37
7 18
7 14
7 14
7 24
7 17
7 30
7 18
7 11
8 39
8 28
8 9
8 19
8 27
8 27
8 25
8 14
8 35
8 29
9 17
9 30
9 33
9 29
9 23
9 35
9 29
9 17
9 18
9 25
10 32
10 30
10 30
10 25
10 35
10 35
10 24
10 35
10 25
10 26
11 37
11 23
11 29
11 22
11 34
11 39
11 24
11 18
11 20
11 34
12 22
12 21
12 23
12 38
12 25
12 21
12 24
12 37
12 38
12 26
13 21
13 29
13 31
13 26
13 29
13 25
13 37
13 36
13 19
13 37
14 21
14 31
14 19
14 26
14 36
14 36
14 40
14 19
14 29
14 20
15 37
15 34
15 40
15 35
15 24
15 40
15 40
15 31
15 36
15 37
16 32
16 32
16 17
16 22
16 18
16 29
16 22
16 30
16 40
16 24
17 34
17 29
17 31
17 28
17 30
17 26
17 32
17 29
17 29
17 28
18 32
18 33
18 38
18 31
18 27
18 37
18 30
18 34
18 27
18 33
19 30
19 35
19 33
19 38
19 32
19 34
19 26
19 30
19 31
19 26
20 29
20 40
20 30
20 35
20 27
20 35
20 37
20 34
20 39
20 25
21 38
21 31
21 33
21 35
21 37
21 35
21 31
21 27
21 29
21 33
22 35
22 34
22 27
22 27
22 32
22 35
22 36
22 33
22 40
22 26
23 34
23 28
23 25
23 39
23 39
23 28
23 33
23 35
23 37
23 32
24 35
24 34
24 38
24 27
24 28
24 34
24 37
24 34
24 36
24 25
25 35
25 39
25 35
25 37
25 33
25 34
25 39
25 37
25 34
25 38
26 38
26 36
26 34
26 39
26 34
26 40
26 34
26 35
26 34
26 38
27 34
27 36
27 40
27 39
27 38
27 35
27 40
27 34
27 37
27 36
28 35
28 39
28 34
28 37
28 35
28 34
28 38
28 34
28 38
28 39
29 39
29 36
29 34
29 40
29 34
29 36
29 39
29 35
29 38
29 40
30 40
30 39
30 35
30 39
30 37
30 40
30 34
30 36
30 34
30 38
31 39
31 36
31 36
31 40
31 40
31 38
31 34
31 37
31 39
31 39
32 35
32 38
32 34
32 37
32 37
32 35
32 40
32 36
32 37
32 37
