82
650
0 1
0 2
0 3
0 4
0 5
0 6
0 7
0 8
0 9
0 10
71 81
72 81
73 81
74 81
75 81
76 81
77 81
78 81
79 81
80 81
1 44
1 75
1 14
1 75
1 37
1 21
1 32
1 56
1 41
2 52
2 49
2 63
2 66
2 29
2 30
2 50
2 38
2 31
3 71
3 19
3 21
3 32
3 20
3 62
3 20
3 22
3 79
4 40
4 33
4 75
4 11
4 78
4 69
4 14
4 72
4 25
5 24
5 35
5 12
5 67
5 76
5 51
5 61
5 74
5 69
6 80
6 55
6 26
6 30
6 45
6 46
6 52
6 78
6 68
7 33
7 17
7 79
7 43
7 46
7 43
7 37
7 46
7 52
8 37
8 61
8 55
8 51
8 75
8 79
8 52
8 73
8 16
9 22
9 53
9 79
9 23
9 52
9 66
9 50
9 13
9 30
10 16
10 54
10 28
10 15
10 18
10 34
10 25
10 50
10 12
11 47
11 46
11 79
11 70
11 52
11 70
11 44
11 34
11 36
12 54
12 67
12 48
12 49
12 31
12 80
12 80
12 73
12 53
13 47
13 54
13 75
13 26
13 51
13 30
13 45
13 35
13 27
14 59
14 39
14 36
14 42
14 57
14 53
14 40
14 46
14 76
15 29
15 69
15 21
15 36
15 34
15 67
15 55
15 55
15 69
16 54
16 46
16 61
16 78
16 72
16 27
16 72
16 77
16 57
17 21
17 42
17 72
17 79
17 72
17 22
17 26
17 25
17 59
18 50
18 44
18 24
18 45
18 45
18 65
18 37
18 60
18 78
19 76
19 35
19 44
19 64
19 60
19 69
19 37
19 58
19 60
20 43
20 41
20 49
20 71
20 34
20 62
20 62
20 32
20 53
21 66
21 78
21 57
21 64
21 37
21 62
21 69
21 34
21 36
22 43
22 80
22 58
22 53
22 57
22 44
22 76
22 51
22 33
23 65
23 77
23 72
23 66
23 51
23 53
23 44
23 41
23 36
24 35
24 35
24 79
24 77
24 70
24 76
24 55
24 53
24 35
25 37
25 41
25 38
25 44
25 56
25 39
25 71
25 80
25 66
26 34
26 75
26 38
26 39
26 61
26 34
26 80
26 47
26 54
27 54
27 60
27 66
27 61
27 65
27 70
27 60
27 63
27 59
28 57
28 40
28 33
28 61
28 48
28 46
28 70
28 61
28 71
29 31
29 54
29 70
29 68
29 59
29 66
29 75
29 67
29 47
30 80
30 69
30 63
30 55
30 44
30 42
30 40
30 77
30 78
31 60
31 46
31 73
31 80
31 44
31 42
31 53
31 65
31 69
32 78
32 66
32 61
32 80
32 76
32 46
32 61
32 53
32 65
33 46
33 79
33 53
33 62
33 48
33 73
33 46
33 72
33 47
34 80
34 74
34 73
34 77
34 53
34 70
34 69
34 52
34 65
35 62
35 56
35 41
35 50
35 45
35 67
35 63
35 44
35 54
36 68
36 64
36 59
36 44
36 62
36 57
36 57
36 43
36 65
37 41
37 41
37 48
37 47
37 80
37 41
37 71
37 68
37 45
38 52
38 49
38 49
38 77
38 70
38 64
38 77
38 72
38 69
39 55
39 54
39 64
39 69
39 73
39 80
39 47
39 77
39 61
40 63
40 45
40 55
40 79
40 45
40 55
40 79
40 44
40 54
41 59
41 76
41 54
41 54
41 78
41 62
41 64
41 56
41 61
42 67
42 64
42 72
42 67
42 79
42 77
42 53
42 59
42 72
43 72
43 65
43 78
43 62
43 59
43 74
43 66
43 80
43 68
44 71
44 68
44 51
44 56
44 68
44 69
44 59
44 63
44 66
45 62
45 76
45 63
45 73
45 55
45 76
45 56
45 63
45 66
46 75
46 65
46 74
46 66
46 56
46 80
46 55
46 67
46 51
47 78
47 75
47 80
47 65
47 57
47 59
47 58
47 54
47 76
48 76
48 55
48 51
48 53
48 66
48 76
48 57
48 58
48 72
49 74
49 56
49 55
49 60
49 80
49 69
49 75
49 65
49 67
50 67
50 61
50 75
50 67
50 58
50 69
50 66
50 64
50 67
51 76
51 73
51 71
51 61
51 80
51 75
51 73
51 64
51 80
52 79
52 70
52 70
52 72
52 64
52 77
52 76
52 65
52 76
53 77
53 61
53 62
53 63
53 67
53 62
53 79
53 63
53 71
54 70
54 80
54 64
54 76
54 75
54 77
54 78
54 68
54 76
55 72
55 80
55 80
55 64
55 70
55 61
55 65
55 62
55 76
56 73
56 69
56 72
56 68
56 77
56 73
56 61
56 71
56 79
57 74
57 70
57 74
57 64
57 79
57 65
57 67
57 74
57 80
58 75
58 64
58 79
58 63
58 67
58 70
58 74
58 70
58 72
59 74
59 66
59 65
59 62
59 78
59 73
59 73
59 77
59 62
60 65
60 69
60 72
60 76
60 62
60 61
60 61
60 65
60 79
61 75
61 74
61 75
61 76
61 80
61 78
61 74
61 72
61 74
62 76
62 77
62 76
62 77
62 73
62 73
62 73
62 74
62 73
63 77
63 76
63 71
63 78
63 73
63 80
63 80
63 80
63 73
64 80
64 80
64 80
64 71
64 74
64 75
64 75
64 80
64 74
65 74
65 75
65 78
65 79
65 72
65 74
65 76
65 80
65 76
66 79
66 72
66 79
66 73
66 79
66 77
66 73
66 76
66 79
67 74
67 75
67 78
67 77
67 77
67 79
67 76
67 77
67 72
68 72
68 73
68 73
68 75
68 76
68 80
68 72
68 76
68 71
69 78
69 72
69 73
69 73
69 72
69 74
69 74
69 74
69 72
70 80
70 78
70 80
70 80
70 72
70 74
70 79
70 80
70 80
