37
280
0 1
0 2
0 3
0 4
0 5
31 36
32 36
33 36
34 36
35 36
1 35
1 16
1 27
1 19
1 30
1 24
1 31
1 34
1 18
2 8
2 26
2 22
2 19
2 12
2 27
2 26
2 31
2 23
3 30
3 8
3 16
3 6
3 19
3 19
3 25
3 16
3 10
4 9
4 19
4 30
4 8
4 10
4 11
4 29
4 24
4 27
5 17
5 19
5 17
5 21
5 14
5 7
5 29
5 19
5 35
6 13
6 21
6 25
6 25
6 30
6 32
6 18
6 33
6 27
7 26
7 22
7 34
7 23
7 18
7 22
7 29
7 25
7 17
8 31
8 25
8 32
8 32
8 29
8 32
8 20
8 19
8 25
9 28
9 33
9 11
9 28
9 35
9 21
9 19
9 26
9 18
10 18
10 35
10 15
10 34
10 26
10 28
10 33
10 15
10 35
11 31
11 18
11 16
11 24
11 19
11 31
11 35
11 22
11 21
12 32
12 29
12 16
12 28
12 16
12 33
12 20
12 23
12 19
13 16
13 17
13 22
13 33
13 21
13 23
13 34
13 24
13 25
14 26
14 23
14 34
14 16
14 19
14 17
14 16
14 19
14 32
15 23
15 19
15 18
15 28
15 27
15 31
15 29
15 19
15 24
16 23
16 34
16 31
16 34
16 31
16 29
16 27
16 25
16 24
17 29
17 28
17 25
17 29
17 33
17 27
17 24
17 30
17 32
18 25
18 33
18 31
18 28
18 25
18 31
18 23
18 25
18 32
19 30
19 35
19 32
19 28
19 29
19 22
19 24
19 27
19 24
20 24
20 25
20 28
20 35
20 26
20 27
20 31
20 26
20 32
21 29
21 29
21 26
21 26
21 26
21 28
21 28
21 28
21 30
22 33
22 35
22 34
22 31
22 30
22 33
22 34
22 32
22 26
23 26
23 32
23 30
23 29
23 33
23 31
23 34
23 27
23 26
24 35
24 29
24 26
24 28
24 32
24 30
24 29
24 34
24 32
25 33
25 26
25 34
25 27
25 35
25 34
25 27
25 32
25 30
26 34
26 31
26 31
26 32
26 31
26 35
26 33
26 31
26 32
27 33
27 34
27 35
27 31
27 31
27 33
27 33
27 33
27 34
28 32
28 33
28 33
28 35
28 33
28 35
28 34
28 34
28 35
29 34
29 31
29 31
29 33
29 31
29 33
29 35
29 34
29 33
30 34
30 31
30 31
30 32
30 31
30 34
30 31
30 31
30 31
