20
156
0 1
0 2
0 3
16 19
17 19
18 19
1 14
1 18
1 10
1 16
1 10
1 11
1 4
1 10
1 8
1 7
2 6
2 6
2 17
2 11
2 13
2 13
2 15
2 9
2 16
2 6
3 10
3 10
3 17
3 16
3 5
3 14
3 18
3 8
3 10
3 18
4 14
4 14
4 15
4 18
4 12
4 7
4 18
4 9
4 7
4 17
5 7
5 11
5 17
5 12
5 15
5 8
5 13
5 15
5 11
5 7
6 15
6 9
6 8
6 16
6 9
6 14
6 11
6 9
6 9
6 12
7 12
7 12
7 13
7 12
7 18
7 13
7 10
7 11
7 13
7 11
8 15
8 11
8 18
8 18
8 16
8 18
8 16
8 11
8 11
8 14
9 18
9 17
9 14
9 14
9 15
9 14
9 12
9 11
9 14
9 12
10 13
10 16
10 17
10 17
10 17
10 15
10 15
10 14
10 13
10 13
11 13
11 14
11 17
11 13
11 13
11 13
11 13
11 13
11 14
11 15
12 16
12 14
12 14
12 15
12 13
12 13
12 14
12 13
12 15
12 16
13 18
13 16
13 16
13 18
13 18
13 17
13 17
13 17
13 16
13 18
14 18
14 17
14 16
14 16
14 18
14 17
14 17
14 18
14 16
14 16
15 17
15 16
15 18
15 16
15 16
15 18
15 18
15 17
15 18
15 18
