52
220
0 1
0 2
0 3
0 4
0 5
0 6
0 7
0 8
0 9
0 10
41 51
42 51
43 51
44 51
45 51
46 51
47 51
48 51
49 51
50 51
1 50
1 46
1 41
1 24
1 12
2 28
2 14
2 42
2 43
2 31
3 32
3 44
3 38
3 24
3 21
4 12
4 11
4 28
4 22
4 46
5 20
5 16
5 18
5 29
5 13
6 37
6 20
6 22
6 50
6 33
7 33
7 50
7 21
7 16
7 15
8 22
8 33
8 18
8 45
8 17
9 30
9 26
9 50
9 18
9 39
10 12
10 19
10 32
10 29
10 30
11 29
11 50
11 37
11 46
11 28
12 39
12 23
12 37
12 41
12 24
13 42
13 25
13 33
13 44
13 30
14 40
14 35
14 34
14 37
14 41
15 40
15 27
15 36
15 21
15 36
16 26
16 22
16 34
16 29
16 22
17 35
17 37
17 22
17 21
17 25
18 29
18 39
18 49
18 38
18 21
19 22
19 21
19 26
19 27
19 44
20 27
20 46
20 50
20 41
20 24
21 40
21 40
21 40
21 35
21 33
22 47
22 42
22 34
22 50
22 31
23 38
23 36
23 39
23 49
23 46
24 43
24 49
24 47
24 33
24 48
25 49
25 45
25 48
25 44
25 33
26 31
26 33
26 38
26 40
26 45
27 31
27 49
27 46
27 33
27 45
28 48
28 49
28 49
28 44
28 41
29 41
29 31
29 46
29 49
29 41
30 34
30 34
30 39
30 42
30 36
31 47
31 50
31 42
31 44
31 46
32 44
32 47
32 48
32 43
32 46
33 42
33 44
33 47
33 47
33 48
34 43
34 47
34 46
34 41
34 50
35 46
35 41
35 50
35 44
35 42
36 50
36 47
36 45
36 50
36 48
37 42
37 46
37 49
37 46
37 42
38 44
38 41
38 48
38 43
38 44
39 45
39 44
39 49
39 43
39 43
40 46
40 46
40 49
40 41
40 46
