65
342
0 1
0 2
0 3
0 4
0 5
0 6
0 7
0 8
0 9
55 64
56 64
57 64
58 64
59 64
60 64
61 64
62 64
63 64
1 10
1 60
1 50
1 58
1 11
1 10
2 54
2 40
2 58
2 19
2 49
2 28
3 62
3 36
3 14
3 50
3 48
3 15
4 63
4 18
4 45
4 35
4 13
4 41
5 60
5 50
5 54
5 25
5 28
5 15
6 35
6 44
6 11
6 37
6 54
6 28
7 37
7 45
7 59
7 47
7 16
7 44
8 12
8 15
8 32
8 32
8 17
8 33
9 53
9 32
9 41
9 50
9 58
9 60
10 34
10 25
10 28
10 25
10 50
10 53
11 19
11 46
11 42
11 45
11 37
11 49
12 36
12 36
12 37
12 22
12 46
12 52
13 45
13 19
13 55
13 57
13 41
13 26
14 53
14 19
14 22
14 28
14 32
14 32
15 51
15 48
15 38
15 22
15 61
15 24
16 57
16 61
16 51
16 42
16 49
16 32
17 27
17 21
17 49
17 45
17 32
17 38
18 41
18 20
18 39
18 32
18 20
18 23
19 29
19 63
19 42
19 30
19 45
19 62
20 61
20 39
20 44
20 62
20 52
20 50
21 30
21 43
21 63
21 60
21 48
21 48
22 37
22 37
22 58
22 38
22 43
22 35
23 31
23 56
23 61
23 33
23 41
23 36
24 44
24 42
24 51
24 58
24 44
24 33
25 37
25 57
25 60
25 53
25 55
25 48
26 56
26 37
26 43
26 55
26 34
26 28
27 40
27 59
27 53
27 34
27 34
27 32
28 48
28 46
28 61
28 52
28 49
28 63
29 42
29 56
29 59
29 48
29 58
29 46
30 60
30 40
30 48
30 38
30 54
30 46
31 39
31 37
31 56
31 63
31 56
31 51
32 61
32 39
32 37
32 50
32 61
32 41
33 37
33 61
33 50
33 50
33 49
33 51
34 49
34 44
34 44
34 60
34 55
34 38
35 42
35 40
35 57
35 42
35 57
35 47
36 51
36 59
36 37
36 43
36 48
36 56
37 55
37 54
37 47
37 63
37 59
37 62
38 58
38 48
38 48
38 61
38 50
38 60
39 57
39 60
39 49
39 62
39 54
39 56
40 52
40 50
40 50
40 52
40 55
40 60
41 52
41 58
41 55
41 61
41 54
41 48
42 51
42 63
42 55
42 52
42 62
42 48
43 48
43 55
43 48
43 50
43 50
43 50
44 62
44 61
44 46
44 48
44 58
44 54
45 56
45 46
45 56
45 59
45 53
45 63
46 55
46 59
46 57
46 62
46 63
46 56
47 56
47 59
47 63
47 63
47 63
47 59
48 56
48 56
48 59
48 58
48 58
48 63
49 62
49 56
49 59
49 60
49 56
49 60
50 57
50 58
50 60
50 58
50 62
50 56
51 57
51 62
51 58
51 57
51 58
51 57
52 59
52 59
52 59
52 56
52 56
52 58
53 60
53 57
53 57
53 56
53 58
53 58
54 62
54 63
54 60
54 55
54 59
54 59
