42
230
0 1
0 2
0 3
0 4
0 5
0 6
0 7
0 8
0 9
0 10
31 41
32 41
33 41
34 41
35 41
36 41
37 41
38 41
39 41
40 41
1 29
1 29
1 20
1 38
1 28
1 17
1 25
2 14
2 11
2 34
2 31
2 40
2 33
2 16
3 15
3 11
3 16
3 40
3 25
3 27
3 20
4 13
4 23
4 25
4 18
4 38
4 26
4 15
5 19
5 22
5 13
5 29
5 40
5 14
5 27
6 19
6 21
6 33
6 22
6 21
6 26
6 12
7 12
7 11
7 39
7 16
7 11
7 37
7 15
8 17
8 23
8 16
8 19
8 27
8 23
8 19
9 25
9 38
9 23
9 25
9 11
9 17
9 13
10 40
10 20
10 21
10 19
10 22
10 14
10 22
11 22
11 31
11 34
11 35
11 21
11 24
11 40
12 22
12 40
12 37
12 40
12 34
12 34
12 29
13 31
13 36
13 27
13 27
13 25
13 21
13 31
14 25
14 37
14 23
14 37
14 28
14 26
14 37
15 40
15 39
15 28
15 33
15 29
15 33
15 40
16 30
16 37
16 31
16 23
16 28
16 27
16 22
17 34
17 33
17 22
17 36
17 40
17 40
17 22
18 25
18 40
18 32
18 21
18 28
18 26
18 29
19 28
19 31
19 25
19 39
19 21
19 25
19 23
20 30
20 37
20 22
20 31
20 25
20 33
20 33
21 33
21 31
21 36
21 36
21 33
21 40
21 31
22 33
22 39
22 34
22 39
22 31
22 35
22 31
23 40
23 32
23 40
23 37
23 33
23 36
23 35
24 35
24 40
24 40
24 34
24 37
24 31
24 36
25 31
25 33
25 40
25 35
25 34
25 36
25 32
26 38
26 35
26 34
26 32
26 35
26 37
26 40
27 35
27 33
27 33
27 37
27 35
27 32
27 33
28 39
28 39
28 40
28 33
28 39
28 39
28 39
29 37
29 39
29 34
29 39
29 34
29 34
29 34
30 39
30 31
30 35
30 38
30 37
30 39
30 40
