27
170
0 1
0 2
0 3
0 4
0 5
21 26
22 26
23 26
24 26
25 26
1 23
1 6
1 24
1 17
1 15
1 15
1 13
1 14
2 18
2 21
2 9
2 10
2 15
2 16
2 8
2 6
3 7
3 15
3 12
3 18
3 7
3 8
3 6
3 23
4 9
4 7
4 7
4 15
4 16
4 11
4 22
4 13
5 23
5 20
5 16
5 12
5 10
5 23
5 20
5 14
6 11
6 19
6 13
6 12
6 21
6 17
6 17
6 20
7 12
7 13
7 14
7 15
7 17
7 21
7 13
7 21
8 17
8 11
8 22
8 24
8 18
8 18
8 13
8 12
9 20
9 21
9 13
9 16
9 23
9 20
9 16
9 15
10 20
10 25
10 16
10 22
10 16
10 14
10 23
10 24
11 24
11 22
11 16
11 20
11 22
11 23
11 22
11 16
12 25
12 23
12 21
12 25
12 23
12 24
12 21
12 19
13 19
13 24
13 19
13 23
13 25
13 19
13 23
13 24
14 23
14 20
14 17
14 25
14 16
14 25
14 24
14 24
15 21
15 24
15 20
15 19
15 23
15 17
15 19
15 24
16 21
16 25
16 23
16 25
16 25
16 24
16 23
16 25
17 24
17 23
17 22
17 23
17 23
17 21
17 23
17 22
18 23
18 21
18 22
18 23
18 25
18 22
18 23
18 22
19 22
19 22
19 23
19 21
19 25
19 21
19 24
19 21
20 22
20 22
20 22
20 23
20 22
20 25
20 22
20 25
