37
266
0 1
0 2
0 3
0 4
0 5
0 6
0 7
29 36
30 36
31 36
32 36
33 36
34 36
35 36
1 23
1 26
1 17
1 27
1 9
1 11
1 18
1 24
1 9
2 25
2 10
2 27
2 14
2 19
2 35
2 22
2 32
2 30
3 24
3 24
3 11
3 8
3 27
3 17
3 10
3 34
3 34
4 35
4 23
4 27
4 13
4 22
4 18
4 34
4 25
4 31
5 9
5 8
5 31
5 10
5 9
5 33
5 13
5 15
5 28
6 25
6 14
6 24
6 31
6 30
6 25
6 34
6 15
6 16
7 16
7 17
7 26
7 26
7 16
7 25
7 17
7 21
7 12
8 27
8 32
8 20
8 34
8 33
8 25
8 29
8 27
8 18
9 24
9 18
9 32
9 24
9 26
9 29
9 24
9 29
9 22
10 18
10 27
10 29
10 26
10 33
10 15
10 17
10 23
10 16
11 27
11 33
11 20
11 15
11 22
11 16
11 19
11 21
11 33
12 29
12 33
12 22
12 32
12 22
12 23
12 27
12 29
12 35
13 18
13 15
13 28
13 23
13 19
13 17
13 35
13 28
13 15
14 35
14 28
14 23
14 34
14 18
14 18
14 19
14 18
14 26
15 25
15 27
15 23
15 27
15 33
15 32
15 27
15 27
15 30
16 29
16 30
16 23
16 33
16 34
16 22
16 25
16 26
16 33
17 25
17 33
17 32
17 32
17 32
17 25
17 32
17 31
17 26
18 33
18 26
18 27
18 28
18 27
18 33
18 29
18 33
18 30
19 24
19 22
19 35
19 32
19 29
19 28
19 34
19 24
19 26
20 32
20 25
20 30
20 29
20 29
20 25
20 23
20 25
20 22
21 24
21 33
21 29
21 28
21 31
21 31
21 34
21 23
21 22
22 31
22 29
22 33
22 30
22 31
22 32
22 34
22 34
22 32
23 33
23 30
23 35
23 35
23 33
23 31
23 35
23 31
23 29
24 31
24 33
24 31
24 29
24 33
24 35
24 34
24 33
24 35
25 29
25 29
25 35
25 30
25 29
25 35
25 32
25 30
25 35
26 35
26 33
26 31
26 30
26 29
26 33
26 34
26 33
26 35
27 34
27 30
27 29
27 35
27 33
27 31
27 30
27 31
27 35
28 34
28 30
28 30
28 34
28 35
28 30
28 33
28 29
28 30
