23
132
0 1
0 2
0 3
19 22
20 22
21 22
1 12
1 21
1 17
1 20
1 14
1 20
1 7
2 13
2 12
2 8
2 6
2 8
2 16
2 13
3 16
3 4
3 20
3 7
3 19
3 5
3 18
4 16
4 13
4 10
4 9
4 11
4 19
4 11
5 16
5 13
5 9
5 17
5 18
5 17
5 10
6 12
6 10
6 16
6 21
6 13
6 12
6 21
7 17
7 13
7 21
7 16
7 11
7 14
7 19
8 12
8 19
8 20
8 12
8 20
8 15
8 12
9 19
9 12
9 20
9 11
9 16
9 19
9 21
10 19
10 15
10 19
10 21
10 21
10 13
10 21
11 15
11 16
11 15
11 21
11 13
11 15
11 21
12 15
12 14
12 13
12 14
12 15
12 20
12 15
13 19
13 17
13 18
13 16
13 17
13 16
13 21
14 21
14 20
14 18
14 16
14 16
14 21
14 19
15 19
15 19
15 17
15 19
15 16
15 17
15 21
16 20
16 19
16 21
16 19
16 21
16 19
16 21
17 20
17 21
17 20
17 21
17 20
17 19
17 19
18 19
18 20
18 19
18 21
18 21
18 19
18 19
