66
520
0 1
0 2
0 3
0 4
0 5
0 6
0 7
0 8
57 65
58 65
59 65
60 65
61 65
62 65
63 65
64 65
1 24
1 55
1 18
1 28
1 10
1 40
1 19
1 53
1 10
2 54
2 11
2 28
2 43
2 20
2 36
2 23
2 61
2 59
3 53
3 25
3 12
3 9
3 56
3 46
3 39
3 35
3 63
4 36
4 52
4 56
4 42
4 51
4 47
4 35
4 54
4 32
5 10
5 9
5 60
5 11
5 38
5 62
5 14
5 16
5 57
6 26
6 15
6 53
6 60
6 59
6 54
6 63
6 44
6 45
7 45
7 18
7 55
7 27
7 45
7 26
7 18
7 22
7 13
8 56
8 33
8 42
8 63
8 34
8 26
8 58
8 21
8 40
9 47
9 50
9 31
9 56
9 43
9 61
9 44
9 55
9 48
10 41
10 29
10 43
10 61
10 17
10 44
10 28
10 19
10 48
11 29
11 53
11 61
11 41
11 60
11 45
11 51
11 59
11 47
12 52
12 44
12 27
12 43
12 27
12 28
12 26
12 34
12 55
13 38
13 29
13 45
13 37
13 54
13 25
13 31
13 18
13 26
14 58
14 45
14 28
14 57
14 26
14 32
14 54
14 50
14 28
15 50
15 52
15 38
15 48
15 56
15 33
15 58
15 50
15 59
16 22
16 27
16 28
16 28
16 49
16 57
16 56
16 37
16 46
17 48
17 44
17 55
17 33
17 53
17 60
17 45
17 54
17 61
18 28
18 43
18 30
18 31
18 36
18 26
18 60
18 44
18 33
19 29
19 53
19 26
19 55
19 58
19 45
19 59
19 29
19 29
20 59
20 52
20 41
20 48
20 36
20 52
20 30
20 44
20 41
21 57
21 56
21 62
21 53
21 60
21 32
21 59
21 26
21 43
22 60
22 54
22 62
22 60
22 58
22 43
22 53
22 48
22 36
23 33
23 34
23 41
23 29
23 28
23 28
23 38
23 43
23 31
24 25
24 49
24 43
24 33
24 33
24 34
24 62
24 62
24 61
25 61
25 64
25 47
25 56
25 59
25 44
25 45
25 38
25 45
26 39
26 34
26 44
26 43
26 59
26 54
26 35
26 63
26 49
27 54
27 52
27 60
27 37
27 61
27 52
27 55
27 53
27 52
28 48
28 35
28 49
28 37
28 63
28 48
28 51
28 54
28 42
29 62
29 35
29 47
29 42
29 41
29 49
29 53
29 51
29 43
30 42
30 53
30 41
30 59
30 43
30 61
30 54
30 47
30 57
31 41
31 37
31 45
31 60
31 52
31 47
31 45
31 56
31 46
32 60
32 42
32 35
32 38
32 39
32 37
32 52
32 48
32 46
33 52
33 45
33 56
33 62
33 54
33 53
33 55
33 48
33 55
34 43
34 61
34 53
34 51
34 61
34 41
34 47
34 41
34 60
35 62
35 53
35 60
35 59
35 64
35 61
35 45
35 45
35 44
36 50
36 49
36 43
36 47
36 52
36 47
36 62
36 42
36 53
37 42
37 48
37 52
37 48
37 50
37 49
37 60
37 60
37 61
38 52
38 58
38 53
38 64
38 55
38 41
38 51
38 41
38 57
39 63
39 46
39 61
39 42
39 47
39 61
39 45
39 53
39 49
40 43
40 42
40 50
40 55
40 60
40 57
40 43
40 43
40 58
41 59
41 63
41 61
41 63
41 50
41 54
41 52
41 57
41 53
42 52
42 59
42 53
42 60
42 50
42 58
42 49
42 51
42 56
43 53
43 63
43 60
43 61
43 58
43 54
43 54
43 64
43 57
44 54
44 58
44 51
44 63
44 52
44 49
44 59
44 51
44 51
45 49
45 54
45 59
45 53
45 57
45 54
45 57
45 53
45 55
46 51
46 53
46 57
46 58
46 57
46 56
46 54
46 54
46 49
47 59
47 59
47 64
47 51
47 49
47 58
47 53
47 63
47 61
48 54
48 58
48 63
48 56
48 58
48 52
48 50
48 62
48 61
49 63
49 62
49 57
49 61
49 64
49 61
49 62
49 58
49 61
50 61
50 63
50 58
50 61
50 57
50 61
50 60
50 59
50 61
51 61
51 63
51 59
51 58
51 60
51 60
51 64
51 59
51 61
52 60
52 61
52 58
52 64
52 59
52 64
52 64
52 64
52 63
53 60
53 61
53 64
53 64
53 57
53 62
53 58
53 61
53 62
54 62
54 64
54 64
54 58
54 61
54 63
54 60
54 62
54 58
55 64
55 61
55 61
55 60
55 64
55 57
55 62
55 63
55 59
56 61
56 62
56 58
56 59
56 57
56 62
56 59
56 57
56 62
