44
364
0 1
0 2
0 3
0 4
0 5
0 6
0 7
36 43
37 43
38 43
39 43
40 43
41 43
42 43
1 36
1 27
1 33
1 20
1 12
1 35
1 19
1 38
1 30
1 39
2 16
2 36
2 16
2 11
2 23
2 39
2 28
2 26
2 10
2 34
3 11
3 18
3 28
3 36
3 13
3 37
3 24
3 14
3 11
3 18
4 17
4 16
4 37
4 19
4 28
4 18
4 11
4 16
4 13
4 34
5 13
5 22
5 27
5 33
5 25
5 19
5 41
5 10
5 14
5 9
6 13
6 18
6 19
6 33
6 23
6 36
6 39
6 40
6 20
6 19
7 27
7 29
7 28
7 22
7 40
7 25
7 32
7 8
7 11
7 15
8 25
8 21
8 34
8 30
8 25
8 37
8 20
8 17
8 30
8 25
9 30
9 35
9 21
9 18
9 31
9 27
9 33
9 34
9 29
9 17
10 39
10 21
10 22
10 29
10 21
10 38
10 16
10 15
10 38
10 19
11 27
11 21
11 25
11 18
11 20
11 20
11 40
11 38
11 22
11 39
12 20
12 37
12 32
12 38
12 40
12 20
12 22
12 42
12 23
12 37
13 28
13 31
13 15
13 19
13 29
13 33
13 42
13 31
13 17
13 38
14 19
14 30
14 28
14 42
14 33
14 33
14 19
14 15
14 40
14 38
15 25
15 38
15 30
15 40
15 33
15 32
15 22
15 27
15 37
15 38
16 33
16 29
16 26
16 33
16 27
16 27
16 35
16 31
16 34
16 23
17 33
17 29
17 31
17 37
17 28
17 22
17 33
17 30
17 29
17 37
18 39
18 30
18 33
18 24
18 28
18 42
18 35
18 28
18 26
18 29
19 23
19 37
19 34
19 26
19 25
19 37
19 29
19 38
19 26
19 39
20 40
20 35
20 25
20 26
20 28
20 32
20 26
20 39
20 38
20 31
21 31
21 33
21 40
21 40
21 35
21 23
21 40
21 25
21 29
21 23
22 30
22 29
22 37
22 36
22 31
22 31
22 35
22 31
22 41
22 30
23 41
23 36
23 30
23 37
23 33
23 41
23 31
23 36
23 30
23 41
24 29
24 30
24 31
24 38
24 35
24 42
24 32
24 39
24 32
24 38
25 31
25 33
25 38
25 37
25 38
25 40
25 40
25 29
25 40
25 36
26 30
26 36
26 29
26 29
26 30
26 31
26 41
26 31
26 36
26 40
27 41
27 37
27 42
27 41
27 32
27 34
27 40
27 34
27 30
27 41
28 29
28 30
28 30
28 38
28 39
28 39
28 33
28 36
28 37
28 42
29 36
29 39
29 42
29 41
29 37
29 36
29 41
29 36
29 36
29 42
30 40
30 41
30 41
30 37
30 39
30 42
30 42
30 42
30 40
30 41
31 40
31 40
31 36
31 41
31 40
31 37
31 36
31 42
31 37
31 37
32 41
32 42
32 38
32 40
32 38
32 40
32 39
32 41
32 38
32 39
33 40
33 42
33 36
33 36
33 42
33 37
33 36
33 41
33 36
33 40
34 38
34 39
34 36
34 36
34 37
34 40
34 37
34 37
34 38
34 38
35 37
35 36
35 42
35 39
35 41
35 37
35 36
35 42
35 40
35 36
