22
145
0 1
0 2
0 3
0 4
0 5
16 21
17 21
18 21
19 21
20 21
1 19
1 7
1 18
1 16
1 14
1 16
1 7
1 18
1 15
2 7
2 8
2 13
2 11
2 10
2 14
2 7
2 6
2 12
3 13
3 7
3 17
3 14
3 18
3 15
3 8
3 11
3 8
4 19
4 13
4 16
4 20
4 18
4 18
4 9
4 20
4 18
5 19
5 7
5 7
5 13
5 15
5 9
5 12
5 20
5 20
6 18
6 19
6 15
6 16
6 11
6 14
6 17
6 12
6 11
7 17
7 14
7 13
7 11
7 17
7 12
7 16
7 16
7 15
8 18
8 17
8 16
8 17
8 20
8 14
8 18
8 15
8 16
9 13
9 16
9 15
9 18
9 15
9 15
9 14
9 11
9 18
10 19
10 17
10 19
10 19
10 15
10 14
10 12
10 15
10 20
11 18
11 16
11 17
11 19
11 20
11 18
11 17
11 17
11 20
12 20
12 16
12 16
12 20
12 19
12 18
12 17
12 18
12 18
13 18
13 18
13 18
13 17
13 17
13 16
13 17
13 17
13 16
14 20
14 20
14 20
14 16
14 20
14 17
14 18
14 18
14 17
15 17
15 16
15 20
15 18
15 18
15 17
15 18
15 19
15 17
