37
190
0 1
0 2
0 3
0 4
0 5
31 36
32 36
33 36
34 36
35 36
1 11
1 10
1 9
1 15
1 20
1 25
2 11
2 11
2 13
2 9
2 25
2 26
3 23
3 28
3 13
3 18
3 25
3 6
4 11
4 26
4 20
4 7
4 13
4 35
5 19
5 22
5 18
5 17
5 8
5 31
6 29
6 15
6 22
6 14
6 14
6 33
7 11
7 31
7 18
7 23
7 35
7 12
8 25
8 22
8 14
8 12
8 34
8 30
9 22
9 17
9 18
9 28
9 28
9 25
10 32
10 31
10 16
10 27
10 30
10 15
11 19
11 33
11 29
11 20
11 33
11 28
12 27
12 33
12 25
12 21
12 32
12 24
13 25
13 21
13 31
13 18
13 27
13 31
14 25
14 35
14 17
14 32
14 28
14 27
15 16
15 21
15 19
15 28
15 27
15 25
16 33
16 22
16 24
16 33
16 21
16 22
17 35
17 24
17 34
17 27
17 30
17 31
18 35
18 34
18 31
18 32
18 28
18 35
19 23
19 24
19 34
19 26
19 35
19 28
20 29
20 22
20 24
20 23
20 25
20 32
21 32
21 29
21 34
21 31
21 31
21 26
22 27
22 28
22 32
22 30
22 34
22 31
23 32
23 28
23 31
23 28
23 32
23 35
24 27
24 29
24 29
24 27
24 31
24 28
25 32
25 35
25 30
25 30
25 32
25 26
26 33
26 35
26 34
26 33
26 35
26 31
27 31
27 33
27 33
27 32
27 35
27 31
28 34
28 31
28 31
28 34
28 33
28 32
29 33
29 31
29 32
29 31
29 35
29 32
30 34
30 31
30 33
30 35
30 32
30 31
