37
160
0 1
0 2
0 3
0 4
0 5
31 36
32 36
33 36
34 36
35 36
1 20
1 28
1 12
1 28
1 33
2 19
2 11
2 10
2 15
2 8
3 32
3 8
3 33
3 6
3 6
4 13
4 8
4 24
4 14
4 23
5 7
5 14
5 9
5 11
5 29
6 12
6 34
6 14
6 20
6 15
7 16
7 22
7 33
7 34
7 14
8 15
8 29
8 15
8 11
8 28
9 34
9 33
9 32
9 31
9 35
10 12
10 34
10 14
10 15
10 24
11 23
11 23
11 17
11 26
11 21
12 32
12 28
12 26
12 35
12 19
13 35
13 17
13 25
13 17
13 35
14 26
14 19
14 20
14 22
14 24
15 32
15 20
15 28
15 18
15 28
16 32
16 21
16 28
16 35
16 31
17 31
17 32
17 25
17 27
17 33
18 25
18 30
18 22
18 25
18 29
19 25
19 22
19 21
19 27
19 23
20 32
20 34
20 33
20 32
20 30
21 34
21 28
21 31
21 26
21 33
22 33
22 33
22 33
22 32
22 27
23 30
23 32
23 29
23 27
23 35
24 33
24 26
24 34
24 29
24 28
25 35
25 30
25 29
25 35
25 33
26 33
26 31
26 31
26 33
26 34
27 32
27 31
27 34
27 33
27 31
28 31
28 32
28 33
28 35
28 34
29 32
29 32
29 32
29 32
29 33
30 32
30 34
30 35
30 32
30 32
