66
464
0 1
0 2
0 3
0 4
0 5
0 6
0 7
0 8
57 65
58 65
59 65
60 65
61 65
62 65
63 65
64 65
1 49
1 32
1 17
1 37
1 25
1 49
1 51
1 42
2 43
2 13
2 26
2 16
2 37
2 63
2 42
2 14
3 13
3 56
3 37
3 42
3 45
3 38
3 31
3 51
4 17
4 58
4 48
4 36
4 25
4 59
4 48
4 9
5 11
5 56
5 37
5 11
5 24
5 64
5 44
5 58
6 52
6 46
6 10
6 25
6 28
6 27
6 14
6 32
7 58
7 43
7 49
7 22
7 56
7 15
7 64
7 9
8 48
8 32
8 20
8 9
8 10
8 59
8 49
8 12
9 18
9 22
9 31
9 58
9 61
9 34
9 59
9 56
10 47
10 52
10 40
10 19
10 62
10 46
10 50
10 56
11 48
11 27
11 29
11 23
11 17
11 37
11 55
11 41
12 44
12 34
12 49
12 21
12 28
12 25
12 41
12 46
13 30
13 23
13 39
13 26
13 56
13 33
13 34
13 39
14 21
14 57
14 41
14 34
14 54
14 42
14 41
14 37
15 52
15 54
15 60
15 53
15 42
15 50
15 45
15 21
16 36
16 45
16 41
16 63
16 53
16 17
16 44
16 19
17 63
17 58
17 44
17 39
17 51
17 53
17 37
17 55
18 62
18 37
18 32
18 27
18 54
18 25
18 40
18 58
19 46
19 27
19 38
19 31
19 28
19 34
19 59
19 31
20 38
20 27
20 38
20 42
20 52
20 41
20 28
20 42
21 35
21 48
21 56
21 53
21 36
21 60
21 35
21 25
22 64
22 34
22 60
22 46
22 34
22 35
22 31
22 55
23 29
23 44
23 53
23 64
23 45
23 47
23 31
23 58
24 42
24 44
24 27
24 29
24 52
24 31
24 38
24 54
25 54
25 54
25 50
25 57
25 41
25 52
25 34
25 41
26 62
26 53
26 46
26 39
26 55
26 44
26 54
26 35
27 39
27 50
27 42
27 59
27 33
27 48
27 36
27 58
28 51
28 38
28 46
28 47
28 36
28 35
28 52
28 57
29 56
29 38
29 50
29 33
29 57
29 51
29 41
29 54
30 39
30 54
30 61
30 61
30 33
30 50
30 63
30 39
31 35
31 40
31 33
31 35
31 56
31 36
31 60
31 42
32 41
32 41
32 56
32 45
32 44
32 44
32 37
32 35
33 41
33 62
33 59
33 49
33 48
33 59
33 63
33 62
34 56
34 43
34 58
34 64
34 52
34 48
34 62
34 54
35 56
35 54
35 57
35 47
35 57
35 52
35 56
35 58
36 45
36 64
36 46
36 48
36 43
36 42
36 50
36 59
37 56
37 45
37 43
37 55
37 63
37 57
37 53
37 47
38 59
38 46
38 46
38 62
38 46
38 44
38 44
38 61
39 49
39 52
39 59
39 42
39 63
39 42
39 59
39 59
40 41
40 56
40 42
40 59
40 49
40 52
40 45
40 64
41 64
41 56
41 55
41 62
41 64
41 51
41 60
41 51
42 56
42 58
42 64
42 53
42 61
42 59
42 49
42 53
43 54
43 51
43 54
43 61
43 53
43 56
43 55
43 61
44 55
44 49
44 56
44 56
44 60
44 52
44 63
44 59
45 59
45 53
45 56
45 59
45 55
45 52
45 61
45 63
46 61
46 60
46 51
46 57
46 55
46 52
46 61
46 60
47 54
47 51
47 56
47 58
47 58
47 63
47 55
47 49
48 63
48 62
48 56
48 58
48 49
48 54
48 52
48 60
49 59
49 59
49 62
49 57
49 62
49 58
49 63
49 58
50 61
50 58
50 58
50 59
50 61
50 63
50 63
50 58
51 57
51 62
51 60
51 58
51 60
51 58
51 58
51 58
52 63
52 57
52 59
52 63
52 63
52 62
52 58
52 57
53 57
53 63
53 57
53 62
53 64
53 64
53 64
53 61
54 57
54 57
54 63
54 61
54 63
54 61
54 62
54 63
55 59
55 57
55 57
55 62
55 58
55 58
55 64
55 64
56 59
56 58
56 63
56 57
56 64
56 64
56 57
56 64
