32
210
0 1
0 2
0 3
0 4
0 5
26 31
27 31
28 31
29 31
30 31
1 24
1 15
1 20
1 15
1 27
1 15
1 16
1 13
2 10
2 17
2 18
2 28
2 22
2 22
2 8
2 6
3 18
3 13
3 30
3 23
3 10
3 29
3 21
3 12
4 7
4 20
4 21
4 19
4 22
4 28
4 18
4 18
5 15
5 9
5 27
5 11
5 18
5 12
5 21
5 22
6 21
6 23
6 16
6 22
6 20
6 28
6 12
6 14
7 22
7 23
7 11
7 17
7 29
7 18
7 15
7 20
8 23
8 25
8 15
8 26
8 30
8 12
8 23
8 29
9 20
9 27
9 21
9 27
9 15
9 11
9 20
9 25
10 16
10 25
10 17
10 17
10 14
10 30
10 20
10 26
11 28
11 17
11 29
11 16
11 30
11 30
11 17
11 29
12 30
12 16
12 29
12 16
12 18
12 24
12 24
12 24
13 25
13 21
13 21
13 29
13 29
13 27
13 26
13 19
14 29
14 17
14 22
14 29
14 18
14 26
14 16
14 22
15 27
15 21
15 29
15 26
15 21
15 30
15 16
15 20
16 23
16 25
16 30
16 30
16 30
16 25
16 30
16 29
17 22
17 27
17 24
17 30
17 24
17 24
17 25
17 27
18 22
18 26
18 27
18 22
18 28
18 23
18 23
18 30
19 23
19 29
19 22
19 23
19 25
19 28
19 29
19 27
20 24
20 28
20 28
20 23
20 24
20 28
20 23
20 26
21 29
21 28
21 27
21 29
21 27
21 29
21 27
21 30
22 26
22 29
22 26
22 29
22 26
22 26
22 30
22 30
23 29
23 26
23 28
23 30
23 30
23 26
23 27
23 28
24 26
24 26
24 27
24 29
24 30
24 26
24 29
24 29
25 29
25 28
25 29
25 27
25 26
25 26
25 26
25 26
