22
160
0 1
0 2
0 3
0 4
0 5
16 21
17 21
18 21
19 21
20 21
1 19
1 7
1 18
1 16
1 14
1 16
1 7
1 18
1 15
1 7
2 8
2 13
2 11
2 10
2 14
2 7
2 6
2 12
2 13
2 7
3 17
3 14
3 18
3 15
3 8
3 11
3 8
3 19
3 13
3 16
4 20
4 18
4 18
4 9
4 20
4 18
4 19
4 7
4 7
4 13
5 15
5 9
5 12
5 20
5 20
5 13
5 14
5 20
5 11
5 6
6 14
6 17
6 12
6 11
6 17
6 14
6 13
6 11
6 17
6 12
7 16
7 16
7 15
7 18
7 17
7 16
7 17
7 20
7 14
7 18
8 15
8 16
8 13
8 16
8 15
8 18
8 15
8 15
8 14
8 11
9 18
9 19
9 17
9 19
9 19
9 15
9 14
9 12
9 15
9 20
10 13
10 11
10 17
10 19
10 20
10 13
10 17
10 17
10 15
10 20
11 16
11 16
11 20
11 19
11 18
11 17
11 18
11 18
11 18
11 18
12 18
12 17
12 17
12 16
12 17
12 17
12 16
12 20
12 20
12 20
13 16
13 20
13 17
13 18
13 18
13 17
13 17
13 16
13 20
13 18
14 18
14 17
14 18
14 19
14 17
14 16
14 17
14 19
14 20
14 20
15 19
15 17
15 18
15 20
15 19
15 20
15 16
15 19
15 19
15 16
