32
135
0 1
0 2
0 3
0 4
0 5
26 31
27 31
28 31
29 31
30 31
1 11
1 7
1 17
1 11
1 9
2 11
2 26
2 17
2 25
2 7
3 28
3 21
3 14
3 22
3 13
4 14
4 30
4 18
4 18
4 30
5 6
5 17
5 8
5 30
5 10
6 21
6 19
6 22
6 24
6 22
7 12
7 21
7 24
7 25
7 11
8 14
8 30
8 12
8 30
8 27
9 30
9 24
9 24
9 19
9 21
10 26
10 17
10 17
10 15
10 11
11 26
11 30
11 22
11 28
11 22
12 23
12 16
12 22
12 20
12 19
13 18
13 18
13 29
13 23
13 25
14 25
14 27
14 21
14 28
14 18
15 22
15 22
15 29
15 28
15 17
16 26
16 30
16 30
16 22
16 25
17 30
17 22
17 21
17 28
17 26
18 29
18 28
18 21
18 25
18 29
19 21
19 25
19 23
19 30
19 27
20 22
20 21
20 25
20 23
20 23
21 28
21 26
21 26
21 26
21 28
22 30
22 26
22 28
22 29
22 29
23 29
23 26
23 30
23 26
23 30
24 27
24 30
24 27
24 28
24 26
25 30
25 30
25 30
25 30
25 29
