34
204
0 1
0 2
0 3
0 4
29 33
30 33
31 33
32 33
1 24
1 8
1 9
1 6
1 25
1 25
1 16
2 28
2 18
2 7
2 19
2 21
2 9
2 7
3 5
3 9
3 18
3 10
3 30
3 25
3 5
4 12
4 11
4 20
4 19
4 32
4 29
4 6
5 13
5 15
5 26
5 20
5 11
5 19
5 30
6 11
6 15
6 17
6 22
6 12
6 12
6 13
7 29
7 20
7 23
7 21
7 20
7 24
7 19
8 17
8 13
8 31
8 32
8 19
8 30
8 10
9 14
9 23
9 31
9 18
9 13
9 29
9 17
10 19
10 15
10 18
10 21
10 29
10 15
10 31
11 17
11 30
11 15
11 17
11 13
11 29
11 25
12 32
12 32
12 23
12 21
12 24
12 26
12 24
13 26
13 19
13 22
13 23
13 21
13 20
13 32
14 30
14 20
14 21
14 32
14 30
14 30
14 21
15 23
15 24
15 31
15 19
15 29
15 29
15 27
16 21
16 17
16 23
16 17
16 20
16 22
16 29
17 28
17 27
17 32
17 29
17 25
17 25
17 24
18 30
18 29
18 23
18 27
18 32
18 27
18 30
19 22
19 21
19 22
19 28
19 32
19 28
19 30
20 29
20 28
20 28
20 29
20 32
20 26
20 21
21 32
21 31
21 25
21 27
21 25
21 25
21 31
22 30
22 29
22 26
22 31
22 29
22 29
22 29
23 25
23 27
23 26
23 26
23 31
23 28
23 25
24 27
24 27
24 26
24 27
24 31
24 29
24 31
25 30
25 30
25 32
25 29
25 29
25 32
25 31
26 29
26 32
26 30
26 30
26 29
26 31
26 32
27 29
27 31
27 32
27 29
27 30
27 30
27 30
28 32
28 29
28 30
28 30
28 31
28 31
28 32
