42
360
0 1
0 2
0 3
0 4
0 5
36 41
37 41
38 41
39 41
40 41
1 36
1 22
1 39
1 13
1 20
1 10
1 8
1 20
1 20
1 6
2 30
2 22
2 23
2 9
2 15
2 37
2 11
2 37
2 15
2 6
3 30
3 30
3 26
3 15
3 27
3 22
3 14
3 25
3 35
3 26
4 33
4 7
4 19
4 31
4 15
4 10
4 12
4 29
4 25
4 26
5 29
5 26
5 8
5 24
5 29
5 29
5 20
5 11
5 26
5 29
6 39
6 37
6 21
6 14
6 24
6 27
6 32
6 39
6 28
6 21
7 26
7 32
7 22
7 31
7 24
7 21
7 31
7 25
7 26
7 15
8 33
8 25
8 30
8 20
8 40
8 15
8 20
8 19
8 12
8 17
9 24
9 40
9 14
9 34
9 35
9 27
9 12
9 26
9 17
9 22
10 28
10 33
10 13
10 40
10 23
10 19
10 12
10 13
10 25
10 28
11 34
11 32
11 24
11 18
11 28
11 38
11 39
11 23
11 28
11 16
12 24
12 38
12 37
12 34
12 32
12 19
12 17
12 40
12 21
12 34
13 26
13 39
13 21
13 21
13 20
13 25
13 39
13 26
13 28
13 40
14 35
14 21
14 32
14 18
14 26
14 21
14 17
14 24
14 30
14 31
15 24
15 39
15 29
15 23
15 34
15 22
15 26
15 36
15 21
15 31
16 34
16 32
16 39
16 31
16 22
16 28
16 30
16 32
16 21
16 24
17 36
17 40
17 25
17 29
17 35
17 27
17 30
17 33
17 30
17 31
18 34
18 31
18 34
18 24
18 28
18 40
18 35
18 30
18 40
18 32
19 40
19 25
19 23
19 31
19 27
19 36
19 30
19 36
19 27
19 22
20 32
20 35
20 34
20 28
20 23
20 28
20 34
20 24
20 40
20 23
21 30
21 35
21 40
21 30
21 35
21 39
21 39
21 34
21 38
21 30
22 31
22 30
22 29
22 35
22 40
22 30
22 31
22 31
22 33
22 29
23 30
23 31
23 28
23 33
23 33
23 38
23 30
23 26
23 31
23 31
24 40
24 27
24 33
24 40
24 39
24 27
24 38
24 37
24 28
24 36
25 34
25 40
25 32
25 29
25 34
25 38
25 26
25 31
25 28
25 33
26 40
26 32
26 40
26 37
26 34
26 37
26 39
26 35
26 37
26 37
27 38
27 33
27 38
27 35
27 32
27 31
27 31
27 37
27 35
27 35
28 34
28 38
28 34
28 35
28 38
28 33
28 32
28 38
28 40
28 36
29 37
29 39
29 40
29 36
29 36
29 33
29 32
29 36
29 40
29 40
30 32
30 37
30 33
30 32
30 31
30 36
30 34
30 33
30 32
30 40
31 38
31 37
31 39
31 38
31 36
31 37
31 40
31 39
31 39
31 37
32 40
32 36
32 40
32 39
32 36
32 37
32 38
32 40
32 38
32 39
33 39
33 36
33 40
33 38
33 39
33 37
33 39
33 38
33 40
33 37
34 37
34 39
34 39
34 36
34 36
34 36
34 37
34 38
34 37
34 40
35 39
35 36
35 37
35 38
35 36
35 38
35 37
35 40
35 37
35 39
