44
119
0 1
0 2
0 3
0 4
0 5
0 6
0 7
36 43
37 43
38 43
39 43
40 43
41 43
42 43
1 15
1 36
1 14
2 29
2 28
2 42
3 18
3 11
3 19
4 20
4 8
4 9
5 17
5 42
5 33
6 39
6 10
6 9
7 12
7 27
7 13
8 31
8 21
8 26
9 34
9 37
9 33
10 30
10 37
10 39
11 39
11 37
11 24
12 16
12 23
12 37
13 36
13 38
13 40
14 25
14 30
14 18
15 31
15 37
15 31
16 42
16 33
16 31
17 27
17 29
17 23
18 39
18 31
18 36
19 42
19 29
19 35
20 25
20 22
20 29
21 27
21 39
21 30
22 36
22 40
22 29
23 42
23 32
23 36
24 37
24 42
24 37
25 40
25 42
25 39
26 41
26 34
26 41
27 36
27 40
27 34
28 42
28 41
28 29
29 40
29 38
29 42
30 39
30 40
30 42
31 37
31 38
31 38
32 36
32 36
32 41
33 41
33 42
33 37
34 42
34 36
34 41
35 41
35 39
35 40
