52
260
0 1
0 2
0 3
0 4
0 5
0 6
0 7
0 8
0 9
0 10
41 51
42 51
43 51
44 51
45 51
46 51
47 51
48 51
49 51
50 51
1 40
1 26
1 23
1 42
1 14
1 43
2 18
2 44
2 44
2 33
2 44
2 39
3 27
3 42
3 27
3 41
3 30
3 12
4 40
4 12
4 46
4 21
4 20
4 25
5 20
5 27
5 19
5 13
5 35
5 17
6 26
6 24
6 25
6 38
6 15
6 28
7 22
7 15
7 21
7 15
7 29
7 14
8 44
8 45
8 37
8 12
8 36
8 16
9 45
9 17
9 17
9 40
9 27
9 18
10 46
10 37
10 35
10 14
10 31
10 11
11 23
11 36
11 44
11 39
11 26
11 41
12 36
12 47
12 47
12 48
12 34
12 25
13 21
13 39
13 41
13 29
13 32
13 36
14 24
14 46
14 32
14 42
14 35
14 21
15 32
15 22
15 29
15 26
15 48
15 49
16 36
16 42
16 27
16 21
16 30
16 32
17 33
17 45
17 50
17 21
17 42
17 25
18 25
18 34
18 43
18 46
18 42
18 24
19 23
19 37
19 41
19 27
19 50
19 47
20 49
20 31
20 49
20 27
20 28
20 46
21 45
21 35
21 47
21 41
21 36
21 36
22 44
22 50
22 42
22 46
22 31
22 35
23 50
23 47
23 38
23 35
23 34
23 41
24 40
24 37
24 37
24 41
24 45
24 36
25 49
25 43
25 39
25 37
25 49
25 36
26 44
26 35
26 41
26 32
26 38
26 38
27 49
27 31
27 49
27 40
27 38
27 49
28 44
28 50
28 38
28 43
28 46
28 41
29 33
29 35
29 39
29 31
29 37
29 33
30 37
30 36
30 37
30 37
30 34
30 35
31 42
31 48
31 42
31 44
31 41
31 49
32 43
32 50
32 41
32 42
32 41
32 49
33 42
33 47
33 48
33 49
33 49
33 43
34 42
34 44
34 49
34 50
34 44
34 46
35 45
35 42
35 43
35 43
35 48
35 48
36 50
36 42
36 45
36 41
36 45
36 48
37 49
37 48
37 47
37 49
37 41
37 49
38 47
38 42
38 45
38 46
38 43
38 46
39 50
39 44
39 49
39 49
39 45
39 44
40 46
40 41
40 46
40 50
40 44
40 45
