42
176
0 1
0 2
0 3
0 4
0 5
0 6
0 7
0 8
33 41
34 41
35 41
36 41
37 41
38 41
39 41
40 41
1 17
1 17
1 34
1 31
1 38
2 14
2 10
2 13
2 37
2 34
3 13
3 11
3 10
3 36
3 37
4 14
4 38
4 25
4 40
4 15
5 24
5 28
5 37
5 35
5 13
6 37
6 38
6 31
6 33
6 39
7 18
7 9
7 15
7 11
7 31
8 12
8 16
8 32
8 16
8 13
9 25
9 36
9 39
9 35
9 23
10 19
10 24
10 20
10 35
10 39
11 35
11 35
11 26
11 39
11 21
12 30
12 19
12 19
12 28
12 28
13 17
13 38
13 36
13 31
13 24
14 27
14 26
14 40
14 18
14 25
15 20
15 27
15 36
15 18
15 21
16 19
16 36
16 20
16 22
16 22
17 34
17 32
17 32
17 27
17 39
18 29
18 40
18 25
18 39
18 28
19 36
19 31
19 25
19 32
19 29
20 40
20 34
20 30
20 31
20 27
21 38
21 26
21 37
21 25
21 27
22 33
22 35
22 30
22 36
22 33
23 36
23 29
23 40
23 27
23 31
24 38
24 31
24 31
24 39
24 29
25 34
25 34
25 35
25 34
25 33
26 39
26 33
26 34
26 36
26 40
27 37
27 33
27 33
27 33
27 34
28 36
28 34
28 36
28 33
28 37
29 36
29 36
29 34
29 36
29 39
30 40
30 33
30 37
30 38
30 39
31 34
31 39
31 33
31 36
31 40
32 33
32 35
32 33
32 35
32 38
