65
180
0 1
0 2
0 3
0 4
0 5
0 6
0 7
0 8
0 9
55 64
56 64
57 64
58 64
59 64
60 64
61 64
62 64
63 64
1 14
1 14
1 27
2 35
2 42
2 50
3 22
3 45
3 42
4 28
4 24
4 11
5 40
5 10
5 39
6 17
6 57
6 13
7 26
7 18
7 15
8 30
8 43
8 25
9 28
9 12
9 16
10 20
10 29
10 26
11 23
11 52
11 20
12 50
12 39
12 23
13 43
13 49
13 59
14 39
14 38
14 53
15 56
15 21
15 54
16 31
16 55
16 36
17 32
17 42
17 35
18 19
18 51
18 30
19 33
19 31
19 39
20 37
20 58
20 32
21 44
21 53
21 63
22 34
22 46
22 45
23 39
23 41
23 40
24 41
24 50
24 50
25 39
25 42
25 51
26 36
26 44
26 42
27 44
27 30
27 28
28 59
28 38
28 60
29 43
29 61
29 46
30 46
30 52
30 47
31 57
31 57
31 52
32 38
32 55
32 53
33 46
33 55
33 39
34 56
34 50
34 44
35 43
35 59
35 56
36 46
36 41
36 63
37 60
37 57
37 46
38 60
38 52
38 56
39 46
39 57
39 51
40 53
40 55
40 55
41 54
41 57
41 57
42 60
42 56
42 46
43 47
43 54
43 46
44 48
44 47
44 59
45 55
45 60
45 62
46 63
46 60
46 57
47 63
47 63
47 59
48 61
48 60
48 55
49 62
49 58
49 57
50 56
50 56
50 55
51 56
51 62
51 57
52 56
52 58
52 56
53 57
53 60
53 55
54 55
54 62
54 56
