52
380
0 1
0 2
0 3
0 4
0 5
0 6
0 7
0 8
0 9
0 10
41 51
42 51
43 51
44 51
45 51
46 51
47 51
48 51
49 51
50 51
1 40
1 26
1 23
1 42
1 14
1 43
1 18
1 44
1 44
2 33
2 44
2 39
2 27
2 42
2 27
2 41
2 30
2 12
3 40
3 12
3 46
3 21
3 20
3 25
3 20
3 27
3 19
4 13
4 35
4 17
4 26
4 24
4 25
4 38
4 15
4 28
5 22
5 15
5 21
5 15
5 29
5 14
5 44
5 45
5 37
6 12
6 36
6 16
6 45
6 17
6 17
6 40
6 27
6 18
7 46
7 37
7 35
7 14
7 31
7 11
7 13
7 46
7 24
8 19
8 26
8 21
8 36
8 37
8 17
8 38
8 34
8 35
9 41
9 19
9 21
9 19
9 12
9 46
9 24
9 46
9 12
10 22
10 35
10 21
10 22
10 22
10 39
10 46
10 18
10 19
11 36
11 42
11 27
11 21
11 30
11 32
11 33
11 45
11 50
12 21
12 42
12 25
12 25
12 34
12 43
12 46
12 42
12 24
13 23
13 37
13 41
13 27
13 50
13 47
13 49
13 31
13 49
14 27
14 28
14 46
14 25
14 35
14 37
14 31
14 36
14 46
15 34
15 40
15 32
15 26
15 41
15 45
15 30
15 37
15 28
16 45
16 24
16 41
16 40
16 27
16 27
16 31
16 25
16 26
17 49
17 23
17 29
17 47
17 29
17 36
17 34
17 25
17 21
18 42
18 28
18 28
18 29
18 41
18 39
18 40
18 38
18 29
19 34
19 40
19 38
19 33
19 26
19 41
19 23
19 45
19 39
20 21
20 47
20 43
20 27
20 46
20 37
20 27
20 34
20 45
21 42
21 48
21 32
21 44
21 41
21 39
21 43
21 40
21 31
22 42
22 41
22 39
22 32
22 47
22 38
22 39
22 39
22 33
23 42
23 34
23 49
23 50
23 34
23 36
23 45
23 32
23 33
24 43
24 38
24 48
24 40
24 42
24 45
24 41
24 35
24 48
25 49
25 48
25 37
25 49
25 31
25 39
25 37
25 32
25 35
26 36
26 33
26 36
26 50
26 44
26 39
26 49
26 35
26 34
27 46
27 41
27 36
27 40
27 34
27 35
27 37
27 43
27 46
28 44
28 33
28 31
28 41
28 31
28 40
28 39
28 41
28 40
29 47
29 48
29 33
29 32
29 45
29 35
29 49
29 45
29 40
30 49
30 35
30 45
30 32
30 50
30 47
30 49
30 31
30 50
31 44
31 47
31 44
31 49
31 50
31 46
31 41
31 42
31 48
32 42
32 50
32 49
32 43
32 47
32 48
32 46
32 50
32 44
33 50
33 50
33 48
33 50
33 48
33 44
33 46
33 41
33 45
34 42
34 50
34 45
34 42
34 45
34 44
34 47
34 45
34 43
35 43
35 48
35 47
35 42
35 49
35 46
35 42
35 42
35 44
36 41
36 47
36 45
36 45
36 48
36 46
36 44
36 49
36 43
37 48
37 44
37 46
37 44
37 48
37 45
37 49
37 41
37 41
38 42
38 47
38 45
38 46
38 49
38 44
38 42
38 43
38 43
39 50
39 46
39 46
39 45
39 47
39 44
39 42
39 43
39 41
40 47
40 46
40 42
40 50
40 45
40 45
40 47
40 49
40 42
