65
288
0 1
0 2
0 3
0 4
0 5
0 6
0 7
0 8
0 9
55 64
56 64
57 64
58 64
59 64
60 64
61 64
62 64
63 64
1 19
1 53
1 49
1 11
1 15
2 12
2 16
2 13
2 16
2 17
3 14
3 20
3 29
3 15
3 21
4 28
4 60
4 18
4 27
4 52
5 45
5 37
5 26
5 33
5 45
6 35
6 44
6 38
6 22
6 54
7 14
7 32
7 59
7 54
7 49
8 10
8 18
8 55
8 14
8 25
9 24
9 34
9 51
9 43
9 55
10 24
10 41
10 52
10 41
10 39
11 47
11 39
11 30
11 25
11 53
12 54
12 32
12 58
12 19
12 45
13 55
13 40
13 56
13 33
13 28
14 23
14 60
14 54
14 22
14 53
15 31
15 45
15 51
15 27
15 32
16 49
16 39
16 54
16 44
16 24
17 29
17 34
17 44
17 48
17 40
18 40
18 38
18 54
18 34
18 46
19 33
19 34
19 47
19 43
19 55
20 29
20 36
20 43
20 53
20 57
21 32
21 39
21 39
21 62
21 63
22 52
22 46
22 48
22 40
22 53
23 53
23 58
23 51
23 40
23 42
24 36
24 52
24 41
24 51
24 47
25 30
25 36
25 53
25 49
25 51
26 45
26 50
26 60
26 40
26 40
27 33
27 60
27 31
27 44
27 59
28 39
28 39
28 39
28 59
28 43
29 55
29 46
29 53
29 58
29 58
30 58
30 56
30 62
30 53
30 59
31 54
31 47
31 50
31 53
31 39
32 46
32 50
32 44
32 58
32 60
33 54
33 55
33 47
33 46
33 51
34 49
34 48
34 54
34 51
34 60
35 49
35 59
35 42
35 38
35 42
36 53
36 48
36 61
36 51
36 37
37 55
37 60
37 54
37 59
37 56
38 57
38 48
38 49
38 62
38 52
39 52
39 59
39 59
39 53
39 59
40 62
40 46
40 59
40 52
40 49
41 46
41 53
41 53
41 59
41 61
42 57
42 57
42 54
42 52
42 60
43 62
43 61
43 56
43 50
43 56
44 46
44 59
44 59
44 47
44 57
45 63
45 53
45 50
45 56
45 61
46 61
46 63
46 59
46 57
46 59
47 62
47 57
47 57
47 59
47 61
48 55
48 61
48 63
48 61
48 58
49 58
49 59
49 63
49 59
49 62
50 55
50 58
50 57
50 57
50 59
51 58
51 56
51 58
51 62
51 57
52 62
52 60
52 55
52 57
52 62
53 59
53 62
53 62
53 61
53 57
54 60
54 59
54 61
54 57
54 55
