56
468
0 1
0 2
0 3
0 4
0 5
0 6
0 7
0 8
0 9
46 55
47 55
48 55
49 55
50 55
51 55
52 55
53 55
54 55
1 33
1 33
1 45
1 30
1 30
1 12
1 17
1 22
1 54
1 12
2 39
2 13
2 45
2 19
2 12
2 33
2 41
2 20
2 20
2 21
3 49
3 53
3 32
3 15
3 23
3 31
3 35
3 29
3 18
3 10
4 32
4 41
4 34
4 23
4 23
4 16
4 32
4 30
4 28
4 31
5 39
5 13
5 41
5 36
5 29
5 43
5 15
5 15
5 16
5 25
6 34
6 17
6 30
6 11
6 22
6 43
6 39
6 10
6 25
6 47
7 17
7 47
7 33
7 41
7 22
7 47
7 54
7 52
7 29
7 28
8 28
8 14
8 38
8 15
8 40
8 12
8 10
8 52
8 24
8 23
9 22
9 48
9 30
9 50
9 11
9 50
9 38
9 40
9 50
9 15
10 21
10 30
10 24
10 54
10 24
10 25
10 53
10 41
10 22
10 34
11 39
11 23
11 45
11 49
11 53
11 47
11 33
11 53
11 53
11 48
12 47
12 37
12 39
12 31
12 23
12 41
12 24
12 31
12 53
12 26
13 28
13 20
13 38
13 49
13 35
13 23
13 19
13 49
13 25
13 39
14 28
14 46
14 23
14 35
14 40
14 21
14 27
14 35
14 35
14 25
15 28
15 43
15 43
15 48
15 20
15 47
15 34
15 41
15 24
15 49
16 49
16 49
16 30
16 48
16 23
16 46
16 52
16 39
16 20
16 38
17 23
17 45
17 29
17 27
17 25
17 31
17 45
17 33
17 47
17 42
18 40
18 20
18 30
18 44
18 29
18 47
18 37
18 25
18 34
18 22
19 46
19 53
19 32
19 30
19 28
19 36
19 46
19 52
19 38
19 36
20 44
20 41
20 35
20 35
20 29
20 51
20 29
20 36
20 38
20 30
21 30
21 48
21 47
21 39
21 47
21 39
21 32
21 45
21 43
21 36
22 39
22 34
22 50
22 43
22 52
22 50
22 40
22 32
22 36
22 50
23 40
23 41
23 52
23 48
23 48
23 54
23 33
23 38
23 35
23 43
24 40
24 37
24 37
24 48
24 48
24 45
24 33
24 41
24 35
24 37
25 38
25 46
25 44
25 33
25 50
25 30
25 28
25 35
25 51
25 52
26 46
26 36
26 39
26 44
26 45
26 32
26 32
26 50
26 43
26 39
27 28
27 44
27 37
27 53
27 38
27 30
27 43
27 32
27 33
27 50
28 50
28 41
28 48
28 46
28 47
28 43
28 40
28 54
28 48
28 43
29 43
29 48
29 42
29 45
29 44
29 40
29 47
29 48
29 51
29 53
30 39
30 51
30 50
30 39
30 49
30 51
30 40
30 46
30 53
30 43
31 39
31 46
31 47
31 50
31 38
31 39
31 38
31 39
31 37
31 47
32 45
32 43
32 39
32 48
32 49
32 46
32 49
32 41
32 38
32 46
33 38
33 38
33 40
33 51
33 41
33 53
33 45
33 42
33 42
33 43
34 48
34 43
34 52
34 38
34 38
34 51
34 41
34 38
34 53
34 39
35 48
35 41
35 45
35 50
35 51
35 39
35 40
35 45
35 43
35 39
36 54
36 44
36 40
36 40
36 38
36 44
36 54
36 46
36 47
36 39
37 50
37 47
37 54
37 46
37 49
37 54
37 51
37 51
37 46
37 48
38 53
38 46
38 50
38 52
38 51
38 46
38 52
38 52
38 46
38 47
39 54
39 52
39 46
39 48
39 53
39 54
39 54
39 52
39 46
39 46
40 53
40 50
40 46
40 52
40 50
40 49
40 49
40 54
40 54
40 49
41 54
41 52
41 50
41 49
41 47
41 53
41 50
41 53
41 48
41 48
42 54
42 47
42 54
42 52
42 47
42 53
42 52
42 46
42 48
42 50
43 54
43 46
43 54
43 52
43 51
43 48
43 46
43 54
43 54
43 52
44 47
44 53
44 49
44 49
44 54
44 48
44 54
44 49
44 46
44 47
45 51
45 52
45 48
45 49
45 48
45 47
45 54
45 54
45 46
45 47
