50
416
0 1
0 2
0 3
0 4
0 5
0 6
0 7
0 8
41 49
42 49
43 49
44 49
45 49
46 49
47 49
48 49
1 41
1 11
1 43
1 24
1 30
1 26
1 14
1 36
1 20
1 25
2 38
2 27
2 30
2 32
2 22
2 22
2 36
2 48
2 17
2 15
3 46
3 9
3 13
3 37
3 23
3 27
3 40
3 25
3 27
3 44
4 21
4 20
4 38
4 48
4 35
4 19
4 25
4 33
4 38
4 28
5 9
5 27
5 38
5 22
5 10
5 43
5 27
5 38
5 35
5 36
6 36
6 32
6 36
6 40
6 21
6 11
6 10
6 44
6 19
6 28
7 39
7 23
7 39
7 20
7 22
7 26
7 23
7 30
7 10
7 12
8 9
8 42
8 31
8 30
8 16
8 24
8 25
8 34
8 13
8 11
9 45
9 40
9 42
9 33
9 47
9 30
9 27
9 32
9 34
9 45
10 36
10 48
10 27
10 26
10 44
10 17
10 43
10 34
10 30
10 44
11 45
11 39
11 30
11 27
11 44
11 45
11 19
11 44
11 38
11 47
12 46
12 35
12 39
12 40
12 19
12 37
12 21
12 29
12 21
12 38
13 25
13 40
13 38
13 35
13 17
13 33
13 35
13 44
13 18
13 17
14 39
14 46
14 39
14 20
14 25
14 34
14 48
14 27
14 30
14 38
15 25
15 27
15 24
15 47
15 18
15 26
15 36
15 23
15 38
15 40
16 44
16 46
16 31
16 33
16 32
16 31
16 17
16 19
16 26
16 18
17 43
17 25
17 32
17 41
17 44
17 48
17 34
17 36
17 34
17 47
18 41
18 26
18 42
18 32
18 25
18 27
18 33
18 28
18 25
18 30
19 35
19 29
19 27
19 41
19 45
19 42
19 47
19 46
19 44
19 41
20 31
20 38
20 33
20 30
20 30
20 44
20 29
20 32
20 31
20 30
21 30
21 47
21 32
21 47
21 46
21 48
21 42
21 46
21 27
21 42
22 27
22 29
22 38
22 29
22 37
22 35
22 39
22 27
22 48
22 34
23 43
23 30
23 40
23 43
23 28
23 37
23 39
23 32
23 44
23 45
24 30
24 42
24 36
24 29
24 40
24 33
24 28
24 33
24 47
24 30
25 35
25 41
25 34
25 40
25 46
25 46
25 34
25 44
25 40
25 33
26 37
26 43
26 39
26 44
26 37
26 34
26 41
26 43
26 41
26 36
27 48
27 46
27 37
27 43
27 42
27 45
27 43
27 37
27 45
27 41
28 42
28 47
28 34
28 43
28 39
28 47
28 40
28 40
28 42
28 48
29 41
29 46
29 42
29 47
29 42
29 46
29 48
29 34
29 41
29 40
30 37
30 40
30 38
30 42
30 34
30 47
30 38
30 44
30 36
30 34
31 37
31 45
31 33
31 38
31 40
31 39
31 36
31 47
31 46
31 45
32 46
32 38
32 42
32 39
32 36
32 35
32 37
32 35
32 36
32 45
33 43
33 41
33 44
33 48
33 42
33 45
33 46
33 47
33 48
33 41
34 48
34 44
34 46
34 48
34 41
34 45
34 46
34 44
34 43
34 44
35 48
35 41
35 41
35 42
35 47
35 45
35 44
35 43
35 47
35 48
36 47
36 41
36 48
36 42
36 48
36 41
36 46
36 46
36 47
36 46
37 46
37 46
37 41
37 43
37 46
37 42
37 47
37 43
37 45
37 42
38 46
38 45
38 42
38 47
38 46
38 48
38 43
38 41
38 43
38 41
39 48
39 41
39 42
39 47
39 43
39 41
39 47
39 48
39 46
39 45
40 45
40 44
40 43
40 46
40 46
40 48
40 47
40 45
40 42
40 43
