74
333
0 1
0 2
0 3
0 4
0 5
0 6
0 7
0 8
0 9
64 73
65 73
66 73
67 73
68 73
69 73
70 73
71 73
72 73
1 67
1 18
1 45
1 35
1 60
2 14
2 58
2 38
2 11
2 68
3 38
3 27
3 34
3 45
3 36
4 22
4 28
4 24
4 21
4 47
5 57
5 40
5 10
5 56
5 13
6 31
6 29
6 16
6 60
6 60
7 35
7 52
7 68
7 70
7 12
8 53
8 72
8 58
8 17
8 11
9 53
9 45
9 28
9 15
9 17
10 52
10 43
10 33
10 39
10 34
11 60
11 21
11 19
11 51
11 31
12 31
12 52
12 40
12 27
12 64
13 25
13 59
13 70
13 28
13 57
14 54
14 35
14 47
14 49
14 67
15 55
15 20
15 48
15 55
15 23
16 53
16 51
16 64
16 30
16 33
17 25
17 33
17 36
17 26
17 27
18 64
18 54
18 61
18 47
18 62
19 61
19 61
19 38
19 66
19 70
20 31
20 72
20 30
20 39
20 30
21 43
21 47
21 48
21 52
21 72
22 50
22 40
22 41
22 41
22 40
23 65
23 39
23 63
23 44
23 44
24 62
24 35
24 61
24 50
24 35
25 58
25 46
25 68
25 68
25 39
26 72
26 33
26 45
26 36
26 51
27 55
27 51
27 32
27 37
27 38
28 50
28 59
28 68
28 63
28 53
29 44
29 71
29 55
29 50
29 42
30 60
30 48
30 39
30 46
30 51
31 62
31 56
31 69
31 46
31 58
32 42
32 54
32 70
32 59
32 62
33 47
33 59
33 48
33 60
33 41
34 40
34 37
34 44
34 51
34 64
35 60
35 38
35 42
35 58
35 51
36 64
36 45
36 42
36 46
36 70
37 65
37 62
37 63
37 59
37 60
38 66
38 62
38 59
38 71
38 65
39 64
39 54
39 49
39 66
39 50
40 70
40 67
40 51
40 50
40 61
41 67
41 71
41 53
41 70
41 65
42 56
42 61
42 62
42 71
42 68
43 57
43 52
43 46
43 47
43 66
44 60
44 57
44 71
44 46
44 55
45 63
45 54
45 52
45 67
45 63
46 56
46 55
46 58
46 70
46 66
47 71
47 71
47 64
47 70
47 60
48 63
48 60
48 55
48 70
48 58
49 60
49 72
49 56
49 60
49 72
50 65
50 66
50 72
50 72
50 55
51 70
51 63
51 72
51 58
51 55
52 72
52 59
52 55
52 55
52 55
53 64
53 71
53 69
53 55
53 66
54 56
54 63
54 72
54 57
54 58
55 64
55 69
55 66
55 65
55 65
56 72
56 64
56 65
56 71
56 64
57 64
57 68
57 72
57 70
57 71
58 70
58 67
58 65
58 70
58 67
59 72
59 68
59 64
59 68
59 68
60 66
60 68
60 67
60 72
60 68
61 68
61 64
61 64
61 68
61 72
62 72
62 68
62 64
62 72
62 66
63 64
63 72
63 69
63 70
63 67
