50
336
0 1
0 2
0 3
0 4
0 5
0 6
0 7
0 8
41 49
42 49
43 49
44 49
45 49
46 49
47 49
48 49
1 33
1 40
1 46
1 38
1 12
1 25
1 21
1 30
2 11
2 14
2 12
2 28
2 10
2 17
2 27
2 16
3 29
3 14
3 11
3 36
3 28
3 40
3 38
3 35
4 42
4 35
4 37
4 43
4 45
4 35
4 36
4 21
5 26
5 33
5 10
5 29
5 9
5 15
5 43
5 43
6 12
6 46
6 22
6 13
6 46
6 41
6 20
6 26
7 38
7 14
7 45
7 17
7 38
7 34
7 44
7 31
8 20
8 24
8 18
8 48
8 10
8 45
8 21
8 20
9 45
9 30
9 48
9 29
9 20
9 26
9 48
9 31
10 47
10 21
10 27
10 29
10 29
10 38
10 38
10 19
11 20
11 27
11 43
11 33
11 44
11 46
11 31
11 32
12 22
12 24
12 47
12 23
12 36
12 43
12 34
12 32
13 25
13 34
13 45
13 28
13 43
13 44
13 43
13 42
14 48
14 21
14 22
14 29
14 43
14 43
14 31
14 46
15 21
15 25
15 30
15 17
15 23
15 44
15 32
15 28
16 20
16 30
16 34
16 39
16 25
16 20
16 23
16 33
17 29
17 43
17 44
17 47
17 30
17 46
17 32
17 45
18 35
18 37
18 33
18 45
18 32
18 39
18 26
18 36
19 40
19 47
19 36
19 46
19 34
19 27
19 25
19 37
20 33
20 42
20 28
20 25
20 45
20 42
20 33
20 41
21 36
21 28
21 40
21 33
21 42
21 39
21 29
21 28
22 44
22 30
22 40
22 27
22 44
22 41
22 38
22 27
23 39
23 42
23 40
23 40
23 36
23 32
23 45
23 44
24 42
24 40
24 44
24 38
24 33
24 28
24 31
24 36
25 40
25 46
25 36
25 41
25 44
25 40
25 36
25 39
26 37
26 35
26 41
26 41
26 35
26 39
26 43
26 33
27 48
27 35
27 40
27 35
27 42
27 44
27 47
27 35
28 35
28 42
28 33
28 35
28 38
28 39
28 46
28 45
29 36
29 33
29 37
29 47
29 41
29 40
29 38
29 45
30 42
30 46
30 37
30 44
30 36
30 48
30 44
30 35
31 34
31 35
31 38
31 43
31 47
31 36
31 46
31 33
32 45
32 46
32 36
32 34
32 36
32 33
32 46
32 39
33 42
33 42
33 45
33 42
33 41
33 42
33 46
33 42
34 48
34 43
34 45
34 43
34 42
34 48
34 46
34 43
35 43
35 43
35 45
35 41
35 46
35 42
35 41
35 42
36 47
36 44
36 44
36 42
36 45
36 41
36 48
36 46
37 43
37 45
37 47
37 43
37 46
37 44
37 45
37 45
38 46
38 41
38 48
38 47
38 41
38 45
38 41
38 43
39 47
39 46
39 43
39 44
39 47
39 43
39 45
39 46
40 47
40 48
40 47
40 43
40 41
40 47
40 48
40 43
