34
136
0 1
0 2
0 3
0 4
0 5
0 6
0 7
0 8
25 33
26 33
27 33
28 33
29 33
30 33
31 33
32 33
1 25
1 18
1 24
1 22
1 18
2 20
2 18
2 20
2 30
2 16
3 24
3 25
3 26
3 18
3 27
4 14
4 19
4 20
4 20
4 17
5 25
5 24
5 29
5 14
5 24
6 20
6 15
6 9
6 13
6 20
7 13
7 30
7 21
7 20
7 11
8 22
8 23
8 12
8 10
8 20
9 28
9 17
9 21
9 21
9 18
10 31
10 26
10 29
10 27
10 21
11 29
11 19
11 28
11 17
11 32
12 28
12 20
12 30
12 20
12 17
13 25
13 24
13 22
13 29
13 28
14 32
14 19
14 26
14 27
14 28
15 30
15 22
15 28
15 18
15 27
16 29
16 32
16 20
16 25
16 26
17 25
17 29
17 28
17 28
17 30
18 27
18 31
18 25
18 25
18 27
19 25
19 25
19 26
19 30
19 30
20 29
20 29
20 32
20 31
20 32
21 27
21 28
21 29
21 30
21 29
22 31
22 26
22 28
22 27
22 27
23 30
23 27
23 31
23 25
23 30
24 28
24 28
24 29
24 29
24 28
