26
188
0 1
0 2
0 3
0 4
21 25
22 25
23 25
24 25
1 8
1 11
1 22
1 20
1 18
1 20
1 11
1 17
1 14
2 6
2 7
2 12
2 15
2 24
2 8
2 11
2 5
2 11
3 17
3 21
3 16
3 13
3 12
3 14
3 7
3 15
3 7
4 8
4 12
4 20
4 14
4 7
4 7
4 23
4 14
4 12
5 10
5 17
5 12
5 19
5 14
5 22
5 14
5 16
5 17
6 18
6 23
6 13
6 20
6 11
6 22
6 15
6 20
6 13
7 13
7 10
7 23
7 11
7 13
7 10
7 10
7 22
7 21
8 16
8 9
8 18
8 23
8 10
8 10
8 10
8 21
8 16
9 19
9 22
9 15
9 16
9 15
9 21
9 16
9 15
9 20
10 13
10 13
10 15
10 21
10 13
10 16
10 24
10 15
10 20
11 13
11 13
11 21
11 13
11 20
11 17
11 23
11 19
11 19
12 24
12 16
12 23
12 15
12 23
12 24
12 22
12 18
12 15
13 22
13 21
13 21
13 21
13 22
13 17
13 23
13 18
13 18
14 18
14 21
14 20
14 17
14 18
14 24
14 22
14 18
14 20
15 18
15 20
15 22
15 24
15 24
15 17
15 18
15 18
15 19
16 22
16 19
16 20
16 20
16 17
16 17
16 24
16 21
16 22
17 24
17 24
17 23
17 21
17 21
17 24
17 21
17 22
17 21
18 24
18 23
18 22
18 23
18 24
18 22
18 24
18 24
18 21
19 21
19 21
19 22
19 23
19 22
19 21
19 23
19 21
19 21
20 23
20 24
20 21
20 24
20 24
20 24
20 22
20 24
20 21
