62
270
0 1
0 2
0 3
0 4
0 5
0 6
0 7
0 8
0 9
0 10
51 61
52 61
53 61
54 61
55 61
56 61
57 61
58 61
59 61
60 61
1 11
1 45
1 24
1 33
1 34
2 26
2 33
2 13
2 14
2 20
3 53
3 11
3 12
3 33
3 35
4 19
4 46
4 19
4 14
4 38
5 30
5 30
5 45
5 36
5 40
6 23
6 16
6 31
6 15
6 11
7 40
7 17
7 45
7 53
7 42
8 18
8 21
8 14
8 23
8 24
9 23
9 15
9 27
9 26
9 37
10 51
10 35
10 24
10 12
10 40
11 43
11 33
11 59
11 37
11 58
12 21
12 32
12 25
12 31
12 28
13 55
13 30
13 36
13 22
13 44
14 47
14 31
14 34
14 52
14 53
15 50
15 44
15 29
15 58
15 50
16 48
16 30
16 46
16 51
16 31
17 27
17 26
17 43
17 25
17 42
18 33
18 57
18 45
18 37
18 27
19 44
19 24
19 28
19 60
19 57
20 44
20 38
20 27
20 49
20 30
21 60
21 48
21 43
21 60
21 37
22 34
22 57
22 37
22 51
22 48
23 47
23 57
23 53
23 42
23 34
24 46
24 36
24 40
24 33
24 54
25 47
25 36
25 39
25 56
25 35
26 45
26 49
26 43
26 52
26 48
27 32
27 43
27 57
27 36
27 42
28 34
28 32
28 39
28 40
28 44
29 48
29 48
29 41
29 32
29 51
30 36
30 39
30 48
30 37
30 41
31 42
31 53
31 59
31 42
31 41
32 45
32 47
32 59
32 49
32 58
33 58
33 42
33 52
33 55
33 48
34 45
34 58
34 51
34 53
34 49
35 56
35 42
35 46
35 58
35 45
36 49
36 53
36 44
36 56
36 50
37 46
37 49
37 54
37 44
37 51
38 54
38 41
38 57
38 45
38 49
39 46
39 42
39 51
39 49
39 48
40 50
40 53
40 57
40 60
40 58
41 55
41 57
41 51
41 53
41 55
42 56
42 51
42 57
42 51
42 58
43 58
43 56
43 57
43 52
43 52
44 59
44 57
44 52
44 57
44 53
45 60
45 54
45 57
45 60
45 52
46 54
46 59
46 56
46 51
46 60
47 53
47 55
47 57
47 54
47 59
48 51
48 51
48 51
48 59
48 51
49 59
49 57
49 56
49 57
49 60
50 59
50 57
50 58
50 60
50 53
