27
210
0 1
0 2
0 3
0 4
0 5
21 26
22 26
23 26
24 26
25 26
1 9
1 12
1 23
1 21
1 19
1 21
1 12
1 18
1 15
1 7
2 8
2 13
2 16
2 25
2 9
2 12
2 6
2 12
2 18
2 22
3 17
3 14
3 13
3 15
3 8
3 16
3 8
3 9
3 13
3 21
4 15
4 8
4 8
4 24
4 15
4 13
4 19
4 22
4 17
4 8
5 15
5 19
5 7
5 25
5 10
5 23
5 24
5 10
5 21
5 16
6 19
6 12
6 12
6 16
6 22
6 14
6 13
6 16
6 12
6 12
7 11
7 11
7 25
7 23
7 22
7 16
7 12
7 20
7 24
7 13
8 20
8 11
8 23
8 11
8 25
8 23
8 25
8 25
8 14
8 16
9 18
9 14
9 17
9 19
9 19
9 20
9 14
9 22
9 25
9 15
10 23
10 11
10 22
10 14
10 15
10 18
10 12
10 17
10 20
10 25
11 21
11 16
11 20
11 24
11 23
11 17
11 23
11 18
11 23
11 18
12 18
12 22
12 17
12 16
12 22
12 17
12 21
12 25
12 20
12 25
13 16
13 25
13 17
13 23
13 23
13 17
13 17
13 21
13 25
13 23
14 23
14 22
14 23
14 19
14 22
14 21
14 22
14 19
14 25
14 20
15 24
15 17
15 18
15 25
15 19
15 25
15 16
15 24
15 24
15 21
16 21
16 25
16 22
16 24
16 24
16 21
16 22
16 22
16 22
16 21
17 25
17 24
17 25
17 24
17 22
17 21
17 24
17 21
17 25
17 25
18 25
18 25
18 23
18 22
18 24
18 22
18 23
18 21
18 25
18 22
19 23
19 22
19 23
19 24
19 21
19 23
19 25
19 22
19 24
19 21
20 25
20 23
20 21
20 24
20 24
20 24
20 24
20 22
20 24
20 25
