72
320
0 1
0 2
0 3
0 4
0 5
0 6
0 7
0 8
0 9
0 10
61 71
62 71
63 71
64 71
65 71
66 71
67 71
68 71
69 71
70 71
1 70
1 52
1 20
1 13
1 22
2 11
2 70
2 25
2 51
2 12
3 41
3 15
3 29
3 58
3 34
4 17
4 25
4 22
4 56
4 19
5 61
5 50
5 14
5 16
5 57
6 16
6 41
6 33
6 37
6 47
7 18
7 36
7 28
7 19
7 30
8 32
8 12
8 21
8 46
8 52
9 23
9 16
9 56
9 33
9 55
10 20
10 39
10 69
10 31
10 16
11 40
11 62
11 68
11 35
11 69
12 36
12 31
12 61
12 48
12 59
13 37
13 57
13 46
13 56
13 38
14 46
14 47
14 69
14 28
14 25
15 60
15 60
15 52
15 46
15 43
16 27
16 47
16 53
16 57
16 29
17 31
17 28
17 22
17 30
17 43
18 22
18 45
18 55
18 62
18 23
19 45
19 28
19 59
19 70
19 66
20 26
20 47
20 44
20 24
20 55
21 68
21 46
21 56
21 62
21 31
22 40
22 68
22 69
22 33
22 36
23 47
23 55
23 44
23 69
23 34
24 38
24 42
24 48
24 44
24 54
25 52
25 68
25 43
25 53
25 67
26 48
26 50
26 66
26 34
26 46
27 50
27 63
27 61
27 35
27 54
28 53
28 45
28 51
28 51
28 39
29 57
29 67
29 55
29 70
29 57
30 58
30 69
30 69
30 67
30 42
31 64
31 69
31 69
31 56
31 61
32 57
32 46
32 70
32 62
32 69
33 67
33 51
33 61
33 57
33 48
34 55
34 59
34 54
34 65
34 49
35 54
35 53
35 68
35 68
35 54
36 46
36 55
36 52
36 44
36 63
37 45
37 59
37 61
37 43
37 45
38 43
38 60
38 50
38 65
38 43
39 48
39 61
39 54
39 68
39 70
40 53
40 44
40 58
40 66
40 61
41 69
41 59
41 53
41 56
41 56
42 69
42 61
42 52
42 62
42 57
43 64
43 67
43 65
43 67
43 51
44 51
44 61
44 60
44 60
44 55
45 53
45 59
45 68
45 68
45 69
46 57
46 70
46 52
46 64
46 57
47 62
47 54
47 65
47 57
47 59
48 62
48 55
48 62
48 55
48 58
49 60
49 68
49 54
49 66
49 56
50 55
50 67
50 67
50 56
50 68
51 63
51 70
51 67
51 70
51 69
52 65
52 66
52 70
52 66
52 62
53 66
53 70
53 65
53 62
53 66
54 66
54 65
54 62
54 67
54 69
55 69
55 68
55 69
55 65
55 63
56 66
56 61
56 69
56 62
56 68
57 67
57 65
57 68
57 65
57 66
58 68
58 69
58 62
58 68
58 66
59 65
59 65
59 65
59 61
59 67
60 70
60 66
60 63
60 61
60 64
