50
348
0 1
0 2
0 3
0 4
0 5
0 6
43 49
44 49
45 49
46 49
47 49
48 49
1 15
1 36
1 33
1 41
1 44
1 11
1 37
1 11
2 45
2 33
2 30
2 10
2 25
2 48
2 28
2 7
3 34
3 43
3 21
3 26
3 14
3 39
3 30
3 24
4 42
4 35
4 22
4 39
4 22
4 15
4 23
4 30
5 43
5 7
5 20
5 38
5 12
5 8
5 42
5 48
6 32
6 21
6 9
6 9
6 19
6 28
6 7
6 46
7 29
7 39
7 33
7 28
7 16
7 38
7 33
7 27
8 18
8 41
8 15
8 33
8 29
8 13
8 18
8 47
9 30
9 43
9 43
9 15
9 36
9 28
9 14
9 32
10 13
10 26
10 14
10 19
10 42
10 30
10 20
10 38
11 21
11 40
11 17
11 40
11 30
11 18
11 18
11 15
12 46
12 36
12 36
12 26
12 17
12 21
12 41
12 34
13 32
13 35
13 40
13 47
13 36
13 29
13 34
13 40
14 30
14 39
14 32
14 29
14 39
14 33
14 34
14 23
15 41
15 33
15 38
15 28
15 48
15 23
15 28
15 27
16 20
16 25
16 32
16 48
16 22
16 42
16 43
16 35
17 20
17 34
17 25
17 30
17 36
17 41
17 21
17 48
18 31
18 27
18 20
18 21
18 33
18 36
18 47
18 25
19 48
19 42
19 32
19 41
19 38
19 30
19 47
19 46
20 30
20 46
20 25
20 43
20 46
20 42
20 39
20 27
21 37
21 34
21 38
21 37
21 26
21 39
21 46
21 48
22 35
22 41
22 27
22 41
22 32
22 25
22 42
22 31
23 35
23 41
23 39
23 48
23 38
23 29
23 45
23 44
24 27
24 38
24 30
24 40
24 31
24 45
24 42
24 43
25 36
25 32
25 37
25 41
25 34
25 34
25 46
25 36
26 37
26 34
26 46
26 44
26 35
26 43
26 37
26 43
27 42
27 37
27 48
27 35
27 48
27 37
27 48
27 42
28 38
28 46
28 45
28 42
28 42
28 42
28 48
28 45
29 43
29 35
29 35
29 44
29 36
29 32
29 31
29 40
30 34
30 45
30 34
30 36
30 39
30 40
30 48
30 48
31 40
31 47
31 47
31 37
31 45
31 44
31 40
31 44
32 47
32 42
32 37
32 38
32 42
32 41
32 46
32 40
33 39
33 44
33 48
33 48
33 44
33 46
33 38
33 39
34 48
34 47
34 38
34 43
34 38
34 43
34 42
34 45
35 45
35 44
35 38
35 42
35 44
35 41
35 37
35 42
36 39
36 38
36 48
36 48
36 46
36 37
36 39
36 40
37 43
37 48
37 45
37 44
37 46
37 46
37 44
37 45
38 44
38 45
38 45
38 43
38 45
38 43
38 44
38 45
39 44
39 45
39 44
39 45
39 43
39 43
39 43
39 43
40 48
40 48
40 48
40 45
40 46
40 45
40 48
40 46
41 48
41 48
41 45
41 45
41 44
41 46
41 48
41 45
42 48
42 48
42 44
42 48
42 48
42 45
42 45
42 48
