58
496
0 1
0 2
0 3
0 4
0 5
0 6
0 7
0 8
49 57
50 57
51 57
52 57
53 57
54 57
55 57
56 57
1 54
1 22
1 16
1 51
1 37
1 13
1 33
1 51
1 51
1 17
2 42
2 36
2 25
2 37
2 30
2 47
2 41
2 49
2 37
2 27
3 54
3 33
3 9
3 26
3 46
3 13
3 12
3 55
3 38
3 39
4 39
4 51
4 20
4 14
4 13
4 48
4 18
4 53
4 10
4 28
5 13
5 11
5 55
5 29
5 39
5 45
5 35
5 23
5 37
5 32
6 42
6 34
6 56
6 10
6 19
6 13
6 15
6 39
6 12
6 12
7 21
7 10
7 22
7 32
7 15
7 26
7 39
7 24
7 22
7 56
8 43
8 43
8 10
8 10
8 31
8 41
8 46
8 26
8 55
8 26
9 33
9 24
9 43
9 56
9 34
9 53
9 37
9 56
9 27
9 24
10 43
10 23
10 25
10 24
10 54
10 23
10 33
10 52
10 30
10 54
11 43
11 56
11 24
11 29
11 33
11 31
11 37
11 54
11 32
11 51
12 47
12 48
12 19
12 25
12 47
12 28
12 22
12 19
12 27
12 24
13 18
13 53
13 31
13 26
13 52
13 20
13 32
13 28
13 48
13 37
14 17
14 34
14 37
14 25
14 38
14 53
14 31
14 18
14 51
14 46
15 45
15 33
15 29
15 39
15 42
15 19
15 50
15 39
15 54
15 20
16 46
16 47
16 48
16 52
16 17
16 43
16 56
16 24
16 46
16 39
17 45
17 54
17 32
17 25
17 38
17 30
17 29
17 36
17 47
17 31
18 49
18 51
18 32
18 53
18 25
18 41
18 56
18 50
18 47
18 37
19 53
19 36
19 43
19 28
19 56
19 27
19 30
19 47
19 27
19 51
20 29
20 47
20 49
20 36
20 47
20 30
20 41
20 51
20 42
20 32
21 26
21 34
21 26
21 33
21 31
21 27
21 49
21 30
21 52
21 39
22 42
22 49
22 50
22 28
22 52
22 49
22 31
22 26
22 39
22 33
23 52
23 43
23 55
23 44
23 55
23 45
23 50
23 39
23 39
23 35
24 46
24 40
24 44
24 48
24 48
24 50
24 50
24 40
24 55
24 45
25 46
25 40
25 53
25 48
25 36
25 41
25 56
25 50
25 42
25 47
26 34
26 45
26 49
26 48
26 41
26 39
26 36
26 42
26 54
26 34
27 44
27 51
27 42
27 47
27 34
27 41
27 41
27 51
27 33
27 39
28 40
28 46
28 39
28 36
28 37
28 42
28 36
28 53
28 35
28 45
29 35
29 36
29 34
29 51
29 43
29 34
29 34
29 46
29 35
29 47
30 47
30 46
30 41
30 48
30 52
30 43
30 33
30 36
30 53
30 49
31 35
31 36
31 38
31 33
31 56
31 35
31 42
31 35
31 47
31 36
32 40
32 49
32 39
32 33
32 35
32 41
32 50
32 36
32 54
32 52
33 50
33 52
33 49
33 43
33 44
33 44
33 45
33 44
33 48
33 49
34 52
34 42
34 45
34 49
34 42
34 44
34 43
34 51
34 54
34 49
35 46
35 53
35 49
35 44
35 45
35 44
35 44
35 54
35 47
35 49
36 49
36 41
36 44
36 41
36 43
36 47
36 45
36 47
36 50
36 52
37 55
37 45
37 53
37 43
37 54
37 54
37 46
37 56
37 48
37 44
38 49
38 53
38 56
38 41
38 56
38 45
38 44
38 43
38 42
38 51
39 51
39 51
39 51
39 54
39 51
39 53
39 45
39 55
39 43
39 54
40 50
40 41
40 43
40 46
40 44
40 56
40 43
40 49
40 55
40 50
41 52
41 55
41 54
41 52
41 56
41 53
41 56
41 51
41 55
41 49
42 53
42 49
42 51
42 55
42 55
42 54
42 51
42 51
42 52
42 53
43 56
43 54
43 54
43 50
43 51
43 49
43 49
43 54
43 49
43 56
44 55
44 53
44 54
44 53
44 56
44 53
44 49
44 55
44 56
44 56
45 55
45 52
45 56
45 50
45 51
45 54
45 55
45 53
45 56
45 50
46 50
46 56
46 55
46 55
46 49
46 50
46 55
46 50
46 55
46 55
47 49
47 53
47 51
47 54
47 49
47 50
47 51
47 50
47 56
47 50
48 49
48 55
48 53
48 56
48 56
48 55
48 54
48 54
48 52
48 53
