22
136
0 1
0 2
0 3
0 4
17 21
18 21
19 21
20 21
1 10
1 15
1 7
1 15
1 17
1 14
1 19
1 5
2 18
2 11
2 13
2 15
2 17
2 15
2 11
2 7
3 9
3 13
3 15
3 14
3 7
3 7
3 12
3 15
4 16
4 13
4 20
4 6
4 14
4 8
4 5
4 19
5 15
5 16
5 17
5 11
5 9
5 12
5 11
5 10
6 18
6 11
6 20
6 14
6 17
6 18
6 12
6 13
7 19
7 19
7 19
7 13
7 17
7 18
7 15
7 13
8 10
8 14
8 18
8 16
8 14
8 15
8 14
8 12
9 14
9 15
9 14
9 18
9 14
9 16
9 20
9 19
10 18
10 15
10 20
10 14
10 17
10 16
10 15
10 19
11 14
11 17
11 15
11 14
11 18
11 14
11 18
11 19
12 19
12 16
12 14
12 20
12 14
12 16
12 19
12 15
13 18
13 20
13 20
13 19
13 19
13 19
13 17
13 20
14 18
14 20
14 18
14 18
14 19
14 20
14 20
14 20
15 20
15 18
15 18
15 17
15 19
15 19
15 19
15 18
16 18
16 17
16 17
16 19
16 20
16 20
16 17
16 17
