47
342
0 1
0 2
0 3
0 4
0 5
0 6
0 7
0 8
0 9
37 46
38 46
39 46
40 46
41 46
42 46
43 46
44 46
45 46
1 21
1 26
1 31
1 35
1 34
1 22
1 17
1 38
1 16
2 12
2 12
2 26
2 17
2 28
2 25
2 18
2 29
2 33
3 40
3 42
3 44
3 16
3 11
3 11
3 41
3 26
3 32
4 19
4 23
4 16
4 24
4 14
4 33
4 45
4 40
4 37
5 21
5 11
5 45
5 43
5 30
5 11
5 39
5 17
5 45
6 35
6 41
6 28
6 22
6 35
6 24
6 37
6 22
6 41
7 38
7 17
7 37
7 41
7 43
7 14
7 27
7 21
7 19
8 30
8 36
8 29
8 21
8 28
8 10
8 36
8 25
8 30
9 17
9 19
9 18
9 17
9 44
9 13
9 15
9 36
9 19
10 19
10 34
10 31
10 32
10 27
10 27
10 24
10 29
10 42
11 26
11 28
11 33
11 33
11 40
11 33
11 43
11 22
11 40
12 44
12 20
12 35
12 44
12 27
12 26
12 41
12 43
12 40
13 27
13 40
13 38
13 36
13 29
13 42
13 37
13 42
13 39
14 45
14 36
14 22
14 42
14 44
14 32
14 29
14 20
14 42
15 32
15 45
15 45
15 26
15 32
15 19
15 43
15 30
15 44
16 39
16 26
16 41
16 23
16 23
16 24
16 31
16 29
16 34
17 27
17 20
17 20
17 21
17 19
17 37
17 40
17 31
17 24
18 26
18 31
18 26
18 38
18 44
18 41
18 27
18 41
18 27
19 34
19 45
19 45
19 32
19 45
19 41
19 28
19 31
19 43
20 40
20 41
20 44
20 36
20 39
20 43
20 44
20 30
20 33
21 33
21 33
21 36
21 30
21 30
21 30
21 44
21 40
21 36
22 39
22 39
22 40
22 45
22 28
22 39
22 42
22 32
22 38
23 38
23 30
23 40
23 35
23 41
23 33
23 32
23 31
23 44
24 29
24 45
24 28
24 32
24 32
24 34
24 41
24 32
24 34
25 41
25 30
25 28
25 31
25 39
25 40
25 41
25 36
25 38
26 34
26 33
26 42
26 43
26 43
26 43
26 35
26 30
26 38
27 40
27 34
27 39
27 37
27 34
27 38
27 35
27 38
27 42
28 41
28 40
28 38
28 45
28 43
28 38
28 37
28 37
28 41
29 38
29 42
29 40
29 39
29 37
29 43
29 42
29 41
29 40
30 39
30 39
30 41
30 38
30 41
30 38
30 40
30 41
30 42
31 39
31 39
31 42
31 45
31 42
31 43
31 44
31 41
31 40
32 43
32 39
32 41
32 45
32 40
32 44
32 38
32 42
32 44
33 44
33 39
33 38
33 37
33 39
33 40
33 41
33 41
33 42
34 40
34 44
34 44
34 37
34 38
34 38
34 40
34 44
34 41
35 37
35 40
35 43
35 39
35 37
35 37
35 41
35 44
35 40
36 39
36 45
36 44
36 44
36 43
36 37
36 43
36 43
36 39
