58
352
0 1
0 2
0 3
0 4
0 5
0 6
0 7
0 8
49 57
50 57
51 57
52 57
53 57
54 57
55 57
56 57
1 35
1 53
1 15
1 52
1 54
1 29
1 37
2 38
2 27
2 52
2 24
2 41
2 13
2 32
3 10
3 40
3 56
3 21
3 20
3 18
3 30
4 44
4 32
4 16
4 34
4 11
4 27
4 45
5 45
5 34
5 38
5 39
5 46
5 44
5 34
6 44
6 33
6 14
6 25
6 51
6 25
6 41
7 51
7 46
7 16
7 52
7 45
7 32
7 33
8 9
8 41
8 22
8 12
8 32
8 29
8 38
9 34
9 31
9 50
9 38
9 40
9 47
9 44
10 38
10 34
10 45
10 33
10 18
10 27
10 25
11 20
11 27
11 17
11 39
11 56
11 33
11 42
12 21
12 40
12 34
12 37
12 32
12 47
12 24
13 39
13 35
13 21
13 49
13 42
13 54
13 30
14 25
14 36
14 18
14 38
14 46
14 46
14 54
15 47
15 56
15 23
15 43
15 19
15 55
15 25
16 18
16 23
16 42
16 54
16 46
16 20
16 34
17 29
17 34
17 50
17 44
17 37
17 54
17 36
18 46
18 28
18 25
18 54
18 47
18 26
18 52
19 52
19 48
19 41
19 51
19 31
19 55
19 37
20 41
20 30
20 53
20 51
20 36
20 30
20 32
21 50
21 25
21 50
21 54
21 35
21 43
21 41
22 47
22 40
22 52
22 36
22 43
22 53
22 33
23 34
23 54
23 28
23 29
23 45
23 45
23 55
24 52
24 43
24 35
24 36
24 48
24 31
24 30
25 44
25 53
25 38
25 53
25 37
25 55
25 42
26 55
26 49
26 51
26 53
26 56
26 46
26 48
27 35
27 50
27 49
27 36
27 40
27 52
27 48
28 52
28 40
28 47
28 47
28 43
28 41
28 43
29 42
29 56
29 56
29 53
29 52
29 37
29 41
30 48
30 51
30 43
30 47
30 43
30 37
30 43
31 43
31 50
31 51
31 37
31 36
31 35
31 40
32 43
32 46
32 55
32 54
32 54
32 37
32 37
33 56
33 54
33 47
33 41
33 45
33 46
33 46
34 48
34 43
34 46
34 47
34 45
34 56
34 53
35 56
35 44
35 56
35 42
35 54
35 50
35 54
36 49
36 44
36 53
36 43
36 41
36 43
36 56
37 46
37 56
37 52
37 45
37 53
37 42
37 46
38 41
38 48
38 51
38 48
38 50
38 56
38 54
39 54
39 56
39 51
39 53
39 43
39 50
39 54
40 56
40 43
40 51
40 48
40 46
40 47
40 50
41 54
41 50
41 50
41 52
41 49
41 53
41 56
42 53
42 55
42 53
42 53
42 54
42 55
42 52
43 55
43 55
43 49
43 52
43 54
43 51
43 49
44 56
44 52
44 54
44 56
44 54
44 49
44 55
45 51
45 55
45 49
45 49
45 56
45 50
45 52
46 56
46 54
46 51
46 52
46 52
46 56
46 56
47 49
47 54
47 51
47 55
47 52
47 52
47 51
48 49
48 54
48 51
48 49
48 50
48 56
48 56
