58
210
0 1
0 2
0 3
0 4
0 5
0 6
0 7
50 57
51 57
52 57
53 57
54 57
55 57
56 57
1 8
1 49
1 42
1 21
2 28
2 25
2 14
2 50
3 43
3 46
3 23
3 39
4 48
4 39
4 49
4 46
5 19
5 10
5 24
5 53
6 9
6 36
6 8
6 12
7 13
7 11
7 37
7 40
8 18
8 18
8 45
8 25
9 53
9 17
9 22
9 15
10 32
10 47
10 44
10 30
11 37
11 38
11 33
11 28
12 25
12 26
12 45
12 22
13 26
13 17
13 16
13 55
14 45
14 45
14 25
14 20
15 34
15 31
15 31
15 51
16 56
16 25
16 45
16 22
17 39
17 24
17 43
17 42
18 50
18 37
18 29
18 51
19 37
19 26
19 27
19 27
20 42
20 49
20 25
20 47
21 28
21 55
21 50
21 22
22 48
22 37
22 55
22 53
23 45
23 42
23 32
23 44
24 31
24 32
24 35
24 48
25 42
25 42
25 52
25 40
26 35
26 31
26 46
26 34
27 40
27 35
27 46
27 31
28 55
28 50
28 47
28 32
29 53
29 52
29 39
29 37
30 47
30 42
30 45
30 56
31 41
31 41
31 41
31 41
32 50
32 40
32 44
32 42
33 51
33 44
33 46
33 41
34 39
34 40
34 54
34 42
35 39
35 55
35 42
35 50
36 46
36 46
36 46
36 56
37 48
37 54
37 55
37 43
38 46
38 51
38 54
38 50
39 47
39 52
39 53
39 47
40 54
40 48
40 44
40 54
41 47
41 52
41 45
41 49
42 49
42 54
42 48
42 53
43 53
43 52
43 53
43 54
44 55
44 54
44 54
44 51
45 51
45 50
45 52
45 52
46 51
46 54
46 52
46 54
47 50
47 56
47 56
47 52
48 52
48 51
48 54
48 56
49 51
49 55
49 55
49 51
