26
153
0 1
0 2
0 3
22 25
23 25
24 25
1 9
1 20
1 15
1 21
1 6
1 7
1 23
2 15
2 7
2 13
2 22
2 17
2 22
2 16
3 5
3 4
3 18
3 15
3 5
3 20
3 4
4 10
4 21
4 15
4 19
4 12
4 19
4 22
5 8
5 19
5 20
5 14
5 24
5 20
5 16
6 9
6 8
6 14
6 9
6 24
6 18
6 13
7 12
7 15
7 19
7 23
7 10
7 14
7 17
8 24
8 21
8 11
8 10
8 24
8 17
8 22
9 12
9 15
9 20
9 10
9 12
9 14
9 20
10 15
10 15
10 18
10 15
10 15
10 13
10 15
11 18
11 22
11 16
11 17
11 13
11 20
11 15
12 17
12 24
12 18
12 22
12 21
12 19
12 20
13 17
13 20
13 24
13 23
13 20
13 20
13 21
14 20
14 18
14 17
14 20
14 18
14 22
14 22
15 20
15 23
15 23
15 18
15 18
15 23
15 19
16 19
16 19
16 20
16 23
16 19
16 19
16 19
17 19
17 19
17 20
17 21
17 22
17 20
17 20
18 21
18 19
18 19
18 20
18 19
18 21
18 22
19 24
19 22
19 22
19 24
19 24
19 23
19 23
20 23
20 22
20 24
20 24
20 23
20 22
20 22
21 24
21 23
21 23
21 24
21 22
21 22
21 23
