42
304
0 1
0 2
0 3
0 4
0 5
0 6
0 7
0 8
33 41
34 41
35 41
36 41
37 41
38 41
39 41
40 41
1 29
1 10
1 19
1 14
1 14
1 32
1 31
1 33
1 26
2 11
2 36
2 39
2 9
2 20
2 30
2 37
2 36
2 17
3 20
3 40
3 31
3 13
3 32
3 36
3 34
3 28
3 9
4 15
4 33
4 32
4 39
4 21
4 33
4 17
4 26
4 38
5 40
5 16
5 31
5 26
5 18
5 26
5 24
5 18
5 37
6 13
6 15
6 33
6 21
6 26
6 32
6 12
6 31
6 23
7 39
7 24
7 10
7 39
7 30
7 34
7 31
7 28
7 14
8 23
8 36
8 31
8 21
8 36
8 38
8 11
8 21
8 16
9 28
9 28
9 25
9 25
9 25
9 31
9 33
9 29
9 25
10 40
10 40
10 23
10 22
10 23
10 22
10 31
10 21
10 27
11 33
11 19
11 23
11 30
11 18
11 34
11 21
11 38
11 21
12 18
12 40
12 17
12 33
12 27
12 29
12 18
12 27
12 29
13 24
13 19
13 17
13 32
13 34
13 17
13 30
13 31
13 39
14 35
14 22
14 19
14 38
14 38
14 38
14 36
14 19
14 39
15 29
15 23
15 28
15 26
15 17
15 27
15 18
15 33
15 37
16 30
16 26
16 24
16 34
16 26
16 18
16 35
16 17
16 36
17 35
17 39
17 34
17 33
17 25
17 39
17 27
17 30
17 36
18 40
18 25
18 31
18 38
18 38
18 29
18 33
18 31
18 29
19 27
19 32
19 38
19 40
19 38
19 39
19 39
19 31
19 40
20 32
20 25
20 33
20 35
20 35
20 31
20 29
20 27
20 31
21 27
21 30
21 37
21 39
21 29
21 37
21 29
21 27
21 34
22 33
22 35
22 40
22 38
22 38
22 32
22 35
22 37
22 29
23 33
23 35
23 35
23 33
23 26
23 36
23 25
23 37
23 30
24 31
24 25
24 33
24 37
24 27
24 38
24 33
24 25
24 26
25 38
25 37
25 36
25 39
25 38
25 39
25 39
25 35
25 36
26 38
26 37
26 40
26 34
26 37
26 34
26 36
26 37
26 35
27 39
27 37
27 39
27 37
27 35
27 39
27 37
27 40
27 34
28 34
28 40
28 34
28 35
28 37
28 39
28 39
28 36
28 36
29 37
29 34
29 38
29 40
29 39
29 34
29 39
29 40
29 38
30 40
30 35
30 35
30 34
30 34
30 39
30 33
30 38
30 34
31 39
31 34
31 33
31 40
31 35
31 40
31 34
31 37
31 37
32 40
32 35
32 40
32 35
32 39
32 33
32 40
32 38
32 39
