47
198
0 1
0 2
0 3
0 4
0 5
0 6
0 7
0 8
0 9
37 46
38 46
39 46
40 46
41 46
42 46
43 46
44 46
45 46
1 10
1 23
1 11
1 16
1 39
2 27
2 17
2 35
2 18
2 37
3 14
3 37
3 27
3 15
3 15
4 12
4 43
4 33
4 33
4 23
5 14
5 18
5 38
5 31
5 29
6 32
6 13
6 32
6 27
6 14
7 31
7 43
7 27
7 12
7 29
8 20
8 30
8 36
8 25
8 38
9 44
9 30
9 29
9 25
9 15
10 23
10 34
10 30
10 26
10 37
11 41
11 30
11 37
11 42
11 22
12 38
12 35
12 25
12 40
12 42
13 36
13 44
13 30
13 27
13 37
14 21
14 26
14 30
14 36
14 24
15 20
15 43
15 24
15 39
15 29
16 38
16 32
16 45
16 38
16 40
17 36
17 22
17 40
17 43
17 19
18 33
18 24
18 24
18 28
18 19
19 29
19 28
19 35
19 30
19 43
20 33
20 32
20 32
20 36
20 38
21 35
21 28
21 45
21 40
21 38
22 44
22 30
22 33
22 41
22 38
23 36
23 41
23 42
23 29
23 45
24 31
24 34
24 42
24 45
24 34
25 33
25 29
25 34
25 38
25 31
26 31
26 43
26 33
26 34
26 31
27 43
27 41
27 32
27 40
27 34
28 40
28 39
28 43
28 45
28 41
29 45
29 43
29 45
29 39
29 44
30 43
30 42
30 39
30 39
30 39
31 45
31 42
31 40
31 41
31 41
32 41
32 42
32 38
32 37
32 37
33 40
33 42
33 40
33 42
33 45
34 37
34 45
34 45
34 43
34 44
35 41
35 40
35 39
35 38
35 40
36 44
36 44
36 45
36 37
36 44
