42
260
0 1
0 2
0 3
0 4
0 5
0 6
0 7
0 8
0 9
0 10
31 41
32 41
33 41
34 41
35 41
36 41
37 41
38 41
39 41
40 41
1 13
1 29
1 40
1 14
1 27
1 19
1 21
1 33
2 22
2 21
2 26
2 12
2 12
2 11
2 39
2 16
3 11
3 37
3 15
3 17
3 23
3 16
3 19
3 27
4 23
4 19
4 25
4 38
4 23
4 25
4 11
4 17
5 13
5 40
5 20
5 21
5 19
5 22
5 14
5 22
6 32
6 21
6 24
6 25
6 21
6 14
6 30
6 22
7 40
7 27
7 20
7 14
7 24
7 29
7 31
7 36
8 37
8 37
8 25
8 11
8 21
8 25
8 17
8 23
9 17
9 18
9 26
9 17
9 30
9 29
9 28
9 13
10 39
10 33
10 20
10 20
10 37
10 31
10 23
10 28
11 27
11 22
11 34
11 33
11 22
11 36
11 40
11 40
12 22
12 25
12 40
12 32
12 21
12 28
12 26
12 29
13 28
13 31
13 25
13 39
13 21
13 25
13 23
13 30
14 37
14 22
14 31
14 25
14 33
14 33
14 33
14 31
15 26
15 26
15 23
15 40
15 21
15 23
15 39
15 34
16 39
16 31
16 25
16 31
16 30
16 22
16 40
16 37
17 33
17 36
17 35
17 25
17 40
17 30
17 34
17 37
18 31
18 36
18 21
18 23
18 40
18 25
18 34
18 26
19 22
19 28
19 25
19 34
19 22
19 35
19 27
19 40
20 25
20 23
20 23
20 27
20 25
20 22
20 23
20 29
21 39
21 40
21 33
21 39
21 39
21 39
21 37
21 39
22 34
22 39
22 34
22 34
22 34
22 39
22 31
22 35
23 38
23 37
23 39
23 40
23 31
23 37
23 39
23 38
24 40
24 31
24 34
24 34
24 34
24 38
24 34
24 33
25 37
25 36
25 33
25 37
25 36
25 39
25 38
25 40
26 37
26 31
26 35
26 32
26 31
26 35
26 39
26 38
27 31
27 39
27 37
27 33
27 35
27 38
27 40
27 34
28 40
28 33
28 39
28 34
28 31
28 32
28 38
28 39
29 40
29 32
29 36
29 35
29 40
29 33
29 36
29 38
30 35
30 40
30 40
30 35
30 36
30 40
30 34
30 36
