37
126
0 1
0 2
0 3
0 4
0 5
0 6
0 7
29 36
30 36
31 36
32 36
33 36
34 36
35 36
1 19
1 11
1 13
1 18
2 14
2 18
2 23
2 14
3 12
3 29
3 33
3 22
4 26
4 19
4 9
4 28
5 14
5 16
5 32
5 15
6 13
6 13
6 27
6 23
7 19
7 24
7 10
7 8
8 35
8 22
8 16
8 32
9 18
9 22
9 28
9 24
10 30
10 27
10 21
10 32
11 20
11 31
11 18
11 23
12 26
12 17
12 15
12 16
13 25
13 25
13 23
13 21
14 35
14 22
14 15
14 18
15 24
15 25
15 26
15 23
16 32
16 25
16 32
16 27
17 30
17 22
17 27
17 30
18 26
18 34
18 33
18 22
19 34
19 23
19 23
19 31
20 23
20 28
20 33
20 32
21 32
21 27
21 31
21 22
22 32
22 30
22 33
22 33
23 33
23 30
23 34
23 34
24 31
24 35
24 32
24 33
25 34
25 29
25 34
25 31
26 34
26 31
26 31
26 30
27 30
27 31
27 32
27 30
28 30
28 29
28 33
28 31
