56
378
0 1
0 2
0 3
0 4
0 5
0 6
0 7
0 8
0 9
46 55
47 55
48 55
49 55
50 55
51 55
52 55
53 55
54 55
1 33
1 33
1 45
1 30
1 30
1 12
1 17
1 22
2 54
2 12
2 39
2 13
2 45
2 19
2 12
2 33
3 41
3 20
3 20
3 21
3 49
3 53
3 32
3 15
4 23
4 31
4 35
4 29
4 18
4 10
4 32
4 41
5 34
5 23
5 23
5 16
5 32
5 30
5 28
5 31
6 39
6 13
6 41
6 36
6 29
6 43
6 15
6 15
7 16
7 25
7 34
7 17
7 30
7 11
7 22
7 43
8 39
8 10
8 25
8 47
8 17
8 47
8 33
8 41
9 22
9 47
9 54
9 52
9 29
9 28
9 28
9 14
10 29
10 33
10 40
10 39
10 19
10 25
10 33
10 32
11 22
11 30
11 39
11 41
11 20
11 32
11 47
11 31
12 41
12 51
12 21
12 30
12 24
12 54
12 24
12 25
13 53
13 41
13 22
13 34
13 39
13 23
13 45
13 49
14 53
14 47
14 33
14 53
14 53
14 48
14 47
14 37
15 39
15 31
15 23
15 41
15 24
15 31
15 53
15 26
16 28
16 20
16 38
16 49
16 35
16 23
16 19
16 49
17 25
17 39
17 28
17 46
17 23
17 35
17 40
17 21
18 27
18 35
18 35
18 25
18 28
18 43
18 43
18 48
19 38
19 38
19 34
19 50
19 51
19 31
19 49
19 49
20 39
20 30
20 32
20 28
20 52
20 30
20 29
20 47
21 41
21 54
21 29
21 54
21 43
21 49
21 45
21 42
22 29
22 33
22 49
22 29
22 48
22 53
22 47
22 47
23 37
23 43
23 43
23 49
23 46
23 53
23 32
23 30
24 28
24 36
24 46
24 52
24 38
24 36
24 44
24 41
25 35
25 35
25 29
25 51
25 29
25 36
25 38
25 30
26 30
26 48
26 47
26 39
26 47
26 39
26 32
26 45
27 43
27 36
27 39
27 34
27 50
27 43
27 52
27 50
28 49
28 50
28 54
28 50
28 49
28 50
28 52
28 39
29 39
29 45
29 51
29 38
29 44
29 43
29 49
29 46
30 37
30 39
30 39
30 54
30 42
30 41
30 53
30 46
31 38
31 37
31 53
31 42
31 50
31 48
31 46
31 44
32 42
32 43
32 37
32 54
32 39
32 53
32 54
32 41
33 41
33 50
33 43
33 48
33 37
33 53
33 37
33 53
34 38
34 39
34 52
34 41
34 42
34 50
34 50
34 41
35 48
35 46
35 47
35 43
35 40
35 54
35 48
35 43
36 43
36 48
36 42
36 45
36 44
36 40
36 47
36 48
37 51
37 53
37 48
37 51
37 50
37 48
37 49
37 51
38 49
38 46
38 53
38 52
38 48
38 46
38 47
38 50
39 47
39 48
39 47
39 48
39 46
39 47
39 54
39 52
40 48
40 48
40 49
40 46
40 49
40 50
40 47
40 46
41 47
41 47
41 49
41 51
41 50
41 53
41 54
41 51
42 51
42 52
42 48
42 52
42 52
42 47
42 47
42 51
43 50
43 47
43 53
43 48
43 48
43 50
43 54
43 50
44 51
44 48
44 49
44 54
44 52
44 48
44 54
44 53
45 49
45 49
45 47
45 53
45 54
45 46
45 47
45 48
