38
312
0 1
0 2
0 3
0 4
0 5
0 6
31 37
32 37
33 37
34 37
35 37
36 37
1 17
1 26
1 14
1 26
1 36
1 20
1 29
1 11
1 20
1 14
2 28
2 29
2 19
2 27
2 9
2 8
2 24
2 22
2 18
2 24
3 11
3 18
3 14
3 8
3 28
3 8
3 24
3 27
3 31
3 27
4 15
4 12
4 8
4 23
4 23
4 29
4 28
4 16
4 33
4 11
5 15
5 17
5 25
5 28
5 7
5 19
5 29
5 16
5 34
5 32
6 33
6 31
6 13
6 10
6 24
6 26
6 34
6 11
6 16
6 28
7 36
7 35
7 33
7 29
7 31
7 30
7 16
7 22
7 33
7 28
8 18
8 27
8 32
8 28
8 24
8 19
8 26
8 29
8 22
8 27
9 34
9 23
9 27
9 35
9 18
9 27
9 34
9 27
9 35
9 14
10 19
10 34
10 36
10 31
10 27
10 22
10 24
10 30
10 31
10 36
11 21
11 28
11 27
11 33
11 19
11 30
11 15
11 24
11 14
11 16
12 14
12 36
12 26
12 21
12 34
12 32
12 27
12 31
12 14
12 25
13 30
13 30
13 23
13 27
13 19
13 25
13 24
13 34
13 22
13 22
14 32
14 22
14 25
14 32
14 30
14 23
14 25
14 36
14 34
14 27
15 28
15 36
15 20
15 33
15 20
15 21
15 20
15 22
15 19
15 28
16 20
16 31
16 21
16 24
16 19
16 19
16 28
16 25
16 33
16 29
17 26
17 28
17 33
17 33
17 23
17 24
17 19
17 29
17 22
17 33
18 35
18 29
18 30
18 36
18 25
18 31
18 20
18 27
18 32
18 19
19 28
19 33
19 31
19 28
19 25
19 29
19 35
19 28
19 27
19 31
20 33
20 35
20 32
20 27
20 31
20 28
20 30
20 29
20 32
20 33
21 29
21 31
21 31
21 28
21 34
21 30
21 34
21 28
21 32
21 33
22 34
22 35
22 30
22 32
22 26
22 30
22 36
22 28
22 25
22 27
23 26
23 25
23 25
23 25
23 31
23 35
23 28
23 25
23 31
23 36
24 25
24 36
24 34
24 36
24 27
24 31
24 29
24 29
24 26
24 28
25 31
25 35
25 36
25 34
25 36
25 35
25 31
25 36
25 31
25 32
26 36
26 32
26 32
26 36
26 33
26 33
26 32
26 34
26 31
26 32
27 33
27 35
27 31
27 34
27 34
27 34
27 33
27 36
27 32
27 34
28 33
28 36
28 33
28 36
28 34
28 36
28 35
28 34
28 35
28 35
29 35
29 34
29 34
29 35
29 31
29 34
29 35
29 32
29 32
29 33
30 34
30 32
30 31
30 32
30 34
30 35
30 35
30 36
30 32
30 34
