72
500
0 1
0 2
0 3
0 4
0 5
0 6
0 7
0 8
0 9
0 10
61 71
62 71
63 71
64 71
65 71
66 71
67 71
68 71
69 71
70 71
1 66
1 45
1 27
1 48
1 18
1 26
1 42
1 50
2 50
2 14
2 40
2 11
2 15
2 52
2 26
2 43
3 59
3 42
3 18
3 47
3 23
3 51
3 21
3 49
4 64
4 20
4 24
4 54
4 29
4 35
4 57
4 24
5 70
5 65
5 54
5 69
5 13
5 17
5 40
5 44
6 20
6 62
6 44
6 16
6 35
6 52
6 48
6 23
7 23
7 47
7 52
7 35
7 19
7 62
7 66
7 12
8 11
8 11
8 55
8 29
8 35
8 34
8 35
8 26
9 20
9 18
9 24
9 22
9 24
9 46
9 47
9 26
10 37
10 13
10 23
10 53
10 54
10 53
10 57
10 66
11 31
11 68
11 53
11 40
11 30
11 40
11 23
11 50
12 30
12 30
12 21
12 54
12 25
12 55
12 30
12 54
13 64
13 55
13 58
13 29
13 32
13 34
13 56
13 50
14 36
14 29
14 22
14 29
14 63
14 29
14 47
14 23
15 26
15 29
15 44
15 35
15 48
15 47
15 67
15 59
16 56
16 67
16 42
16 62
16 53
16 53
16 45
16 46
17 40
17 32
17 56
17 51
17 48
17 42
17 33
17 63
18 52
18 34
18 24
18 44
18 42
18 50
18 48
18 50
19 60
19 22
19 64
19 39
19 50
19 60
19 27
19 37
20 58
20 50
20 28
20 40
20 33
20 54
20 67
20 54
21 48
21 33
21 36
21 35
21 46
21 48
21 69
21 49
22 32
22 62
22 52
22 45
22 33
22 41
22 64
22 54
23 64
23 40
23 52
23 33
23 51
23 38
23 41
23 69
24 68
24 48
24 70
24 32
24 44
24 57
24 35
24 61
25 51
25 32
25 65
25 58
25 50
25 63
25 36
25 43
26 47
26 49
26 57
26 41
26 51
26 51
26 65
26 45
27 52
27 38
27 39
27 32
27 46
27 50
27 62
27 35
28 59
28 62
28 68
28 32
28 40
28 32
28 54
28 52
29 33
29 48
29 39
29 44
29 33
29 36
29 56
29 49
30 54
30 43
30 51
30 66
30 55
30 45
30 40
30 68
31 43
31 61
31 59
31 50
31 60
31 41
31 56
31 50
32 62
32 53
32 44
32 53
32 46
32 47
32 54
32 50
33 57
33 52
33 54
33 69
33 67
33 41
33 49
33 62
34 55
34 41
34 57
34 61
34 58
34 69
34 68
34 52
35 59
35 57
35 61
35 70
35 49
35 68
35 41
35 62
36 50
36 44
36 44
36 47
36 43
36 57
36 56
36 51
37 68
37 61
37 49
37 56
37 62
37 49
37 69
37 68
38 49
38 47
38 59
38 66
38 67
38 56
38 69
38 55
39 64
39 59
39 46
39 42
39 48
39 47
39 63
39 49
40 42
40 66
40 55
40 44
40 52
40 63
40 54
40 41
41 55
41 64
41 58
41 68
41 64
41 68
41 66
41 65
42 57
42 64
42 52
42 53
42 51
42 61
42 60
42 55
43 51
43 65
43 56
43 69
43 51
43 69
43 67
43 53
44 66
44 54
44 68
44 68
44 66
44 54
44 60
44 70
45 59
45 60
45 68
45 53
45 57
45 63
45 67
45 63
46 68
46 60
46 66
46 68
46 70
46 55
46 52
46 51
47 61
47 70
47 69
47 62
47 68
47 57
47 56
47 55
48 60
48 53
48 64
48 55
48 68
48 54
48 67
48 57
49 63
49 64
49 59
49 61
49 68
49 67
49 54
49 65
50 56
50 61
50 62
50 68
50 57
50 56
50 68
50 67
51 65
51 68
51 70
51 64
51 66
51 65
51 68
51 68
52 70
52 62
52 62
52 67
52 67
52 70
52 65
52 69
53 65
53 65
53 69
53 62
53 63
53 64
53 68
53 61
54 64
54 70
54 68
54 62
54 67
54 67
54 69
54 61
55 66
55 70
55 66
55 61
55 65
55 63
55 68
55 66
56 66
56 62
56 64
56 62
56 63
56 61
56 62
56 68
57 65
57 63
57 69
57 68
57 66
57 67
57 68
57 62
58 68
58 65
58 65
58 66
58 63
58 65
58 68
58 68
59 65
59 63
59 70
59 61
59 67
59 70
59 66
59 63
60 61
60 61
60 66
60 63
60 61
60 70
60 62
60 66
