56
153
0 1
0 2
0 3
0 4
0 5
0 6
0 7
0 8
0 9
46 55
47 55
48 55
49 55
50 55
51 55
52 55
53 55
54 55
1 21
1 33
1 15
2 46
2 39
2 52
3 10
3 29
3 14
4 18
4 46
4 50
5 12
5 20
5 11
6 24
6 53
6 13
7 37
7 13
7 12
8 52
8 36
8 19
9 17
9 16
9 10
10 38
10 50
10 53
11 48
11 50
11 23
12 33
12 41
12 23
13 47
13 32
13 25
14 51
14 49
14 43
15 26
15 49
15 35
16 27
16 34
16 22
17 30
17 25
17 34
18 31
18 23
18 52
19 29
19 46
19 38
20 54
20 47
20 52
21 53
21 30
21 36
22 28
22 53
22 41
23 50
23 45
23 52
24 47
24 48
24 29
25 33
25 38
25 39
26 29
26 44
26 53
27 32
27 29
27 48
28 37
28 39
28 43
29 50
29 47
29 50
30 42
30 38
30 43
31 46
31 45
31 43
32 46
32 54
32 39
33 48
33 47
33 48
34 45
34 47
34 48
35 53
35 50
35 40
36 54
36 52
36 39
37 52
37 54
37 47
38 54
38 52
38 47
39 50
39 47
39 48
40 54
40 51
40 49
41 49
41 49
41 46
42 46
42 49
42 52
43 47
43 49
43 52
44 49
44 49
44 53
45 49
45 47
45 48
