26
192
0 1
0 2
0 3
0 4
0 5
0 6
19 25
20 25
21 25
22 25
23 25
24 25
1 8
1 23
1 16
1 14
1 12
1 14
1 17
1 19
1 22
1 8
2 21
2 20
2 21
2 14
2 12
2 11
2 13
2 7
2 23
2 17
3 24
3 15
3 22
3 22
3 15
3 15
3 15
3 20
3 8
3 8
4 12
4 7
4 7
4 19
4 12
4 10
4 8
4 23
4 20
4 23
5 22
5 16
5 16
5 18
5 21
5 20
5 21
5 9
5 18
5 19
6 18
6 17
6 8
6 15
6 15
6 16
6 21
6 21
6 11
6 20
7 22
7 22
7 21
7 16
7 21
7 18
7 23
7 22
7 14
7 18
8 13
8 16
8 19
8 22
8 15
8 16
8 15
8 21
8 16
8 15
9 20
9 13
9 13
9 15
9 21
9 13
9 16
9 24
9 15
9 20
10 13
10 13
10 21
10 13
10 20
10 17
10 23
10 19
10 19
10 24
11 16
11 23
11 15
11 23
11 24
11 22
11 18
11 15
11 22
11 13
12 17
12 21
12 14
12 21
12 15
12 14
12 22
12 18
12 17
12 24
13 23
13 22
13 22
13 20
13 22
13 24
13 22
13 24
13 22
13 20
14 22
14 23
14 24
14 22
14 19
14 24
14 23
14 24
14 24
14 21
15 23
15 22
15 21
15 24
15 22
15 24
15 19
15 19
15 23
15 24
16 23
16 22
16 19
16 24
16 21
16 20
16 21
16 22
16 20
16 24
17 24
17 23
17 21
17 21
17 20
17 21
17 20
17 23
17 21
17 23
18 19
18 23
18 24
18 21
18 22
18 22
18 24
18 20
18 22
18 23
