29
162
0 1
0 2
0 3
0 4
0 5
0 6
0 7
0 8
0 9
19 28
20 28
21 28
22 28
23 28
24 28
25 28
26 28
27 28
1 11
1 26
1 19
1 17
1 15
1 17
1 20
1 22
2 25
2 11
2 24
2 23
2 24
2 17
2 15
2 14
3 16
3 10
3 26
3 20
3 27
3 18
3 25
3 25
4 18
4 18
4 18
4 23
4 11
4 11
4 15
4 10
5 10
5 22
5 15
5 13
5 11
5 26
5 23
5 26
6 25
6 19
6 19
6 21
6 24
6 23
6 24
6 12
7 21
7 22
7 21
7 20
7 11
7 18
7 18
7 19
8 24
8 24
8 14
8 23
8 25
8 19
8 24
8 25
9 12
9 27
9 26
9 13
9 23
9 21
9 10
9 19
10 19
10 19
10 21
10 25
10 21
10 24
10 25
10 24
11 26
11 25
11 25
11 27
11 24
11 22
11 25
11 21
12 27
12 20
12 25
12 25
12 27
12 19
12 20
12 20
13 26
13 19
13 22
13 21
13 19
13 20
13 21
13 20
14 27
14 22
14 24
14 21
14 25
14 19
14 26
14 21
15 26
15 21
15 27
15 20
15 25
15 24
15 20
15 24
16 23
16 25
16 19
16 23
16 25
16 21
16 22
16 21
17 19
17 23
17 22
17 26
17 24
17 22
17 25
17 24
18 23
18 21
18 24
18 21
18 20
18 22
18 21
18 27
