82
370
0 1
0 2
0 3
0 4
0 5
0 6
0 7
0 8
0 9
0 10
71 81
72 81
73 81
74 81
75 81
76 81
77 81
78 81
79 81
80 81
1 56
1 25
1 64
1 21
1 34
2 16
2 62
2 15
2 58
2 11
3 23
3 66
3 70
3 41
3 18
4 19
4 15
4 30
4 20
4 14
5 78
5 70
5 36
5 69
5 29
6 69
6 50
6 75
6 76
6 17
7 26
7 52
7 43
7 22
7 62
8 66
8 39
8 56
8 12
8 28
9 56
9 37
9 14
9 57
9 79
10 21
10 65
10 13
10 52
10 16
11 76
11 29
11 75
11 31
11 79
12 23
12 79
12 78
12 49
12 37
13 57
13 77
13 70
13 39
13 60
14 31
14 25
14 28
14 38
14 28
15 66
15 45
15 24
15 79
15 53
16 32
16 41
16 28
16 24
16 52
17 43
17 79
17 52
17 30
17 21
18 51
18 24
18 72
18 40
18 45
19 80
19 76
19 33
19 69
19 27
20 72
20 71
20 23
20 79
20 29
21 80
21 64
21 45
21 34
21 54
22 58
22 35
22 64
22 77
22 31
23 35
23 39
23 71
23 37
23 80
24 42
24 49
24 46
24 65
24 78
25 60
25 56
25 76
25 72
25 44
26 32
26 75
26 54
26 34
26 43
27 54
27 35
27 79
27 69
27 38
28 54
28 48
28 45
28 38
28 44
29 45
29 44
29 54
29 35
29 50
30 54
30 48
30 70
30 71
30 34
31 60
31 70
31 69
31 45
31 53
32 62
32 68
32 79
32 78
32 53
33 63
33 73
33 67
33 43
33 73
34 75
34 57
34 70
34 71
34 56
35 63
35 75
35 59
35 47
35 41
36 71
36 42
36 79
36 80
36 72
37 74
37 59
37 53
37 63
37 63
38 57
38 76
38 42
38 55
38 73
39 54
39 77
39 58
39 41
39 72
40 50
40 67
40 48
40 80
40 57
41 63
41 62
41 63
41 61
41 70
42 73
42 61
42 73
42 53
42 73
43 56
43 57
43 51
43 80
43 61
44 66
44 76
44 76
44 57
44 62
45 51
45 51
45 71
45 68
45 73
46 72
46 77
46 59
46 69
46 56
47 57
47 73
47 60
47 69
47 75
48 71
48 53
48 56
48 56
48 56
49 78
49 61
49 54
49 70
49 53
50 64
50 55
50 78
50 59
50 54
51 72
51 71
51 66
51 62
51 68
52 68
52 75
52 67
52 68
52 75
53 64
53 76
53 77
53 75
53 74
54 71
54 66
54 66
54 68
54 73
55 63
55 67
55 63
55 66
55 67
56 65
56 69
56 73
56 75
56 80
57 68
57 78
57 70
57 73
57 79
58 70
58 72
58 65
58 76
58 71
59 71
59 71
59 66
59 67
59 66
60 71
60 69
60 71
60 69
60 69
61 73
61 71
61 77
61 77
61 77
62 75
62 74
62 77
62 78
62 80
63 78
63 75
63 77
63 78
63 80
64 77
64 79
64 71
64 71
64 76
65 74
65 71
65 76
65 79
65 79
66 71
66 72
66 79
66 73
66 80
67 77
67 77
67 80
67 74
67 74
68 78
68 78
68 79
68 77
68 77
69 78
69 74
69 74
69 74
69 73
70 73
70 80
70 71
70 75
70 72
