27
190
0 1
0 2
0 3
0 4
0 5
21 26
22 26
23 26
24 26
25 26
1 9
1 12
1 23
1 21
1 19
1 21
1 12
1 18
1 15
2 7
2 8
2 13
2 16
2 25
2 9
2 12
2 6
2 12
3 18
3 22
3 17
3 14
3 13
3 15
3 8
3 16
3 8
4 9
4 13
4 21
4 15
4 8
4 8
4 24
4 15
4 13
5 19
5 22
5 17
5 8
5 15
5 19
5 7
5 25
5 10
6 18
6 19
6 25
6 16
6 11
6 19
6 12
6 12
6 16
7 22
7 14
7 13
7 16
7 12
7 12
7 11
7 11
7 25
8 23
8 22
8 16
8 12
8 20
8 24
8 13
8 20
8 11
9 23
9 11
9 25
9 23
9 25
9 25
9 14
9 16
9 18
10 14
10 17
10 19
10 19
10 20
10 14
10 22
10 25
10 15
11 18
11 16
11 22
11 24
11 25
11 18
11 22
11 22
11 20
12 25
12 21
12 16
12 20
12 24
12 23
12 17
12 23
12 18
13 23
13 18
13 18
13 22
13 17
13 16
13 22
13 17
13 21
14 25
14 20
14 25
14 16
14 25
14 17
14 23
14 23
14 17
15 17
15 21
15 25
15 23
15 23
15 22
15 23
15 19
15 22
16 21
16 22
16 24
16 25
16 25
16 24
16 22
16 23
16 25
17 24
17 25
17 21
17 24
17 24
17 21
17 21
17 25
17 22
18 24
18 24
18 21
18 22
18 22
18 22
18 21
18 25
18 24
19 25
19 24
19 22
19 21
19 24
19 21
19 25
19 25
19 25
20 25
20 23
20 22
20 24
20 22
20 23
20 21
20 25
20 22
