32
120
0 1
0 2
0 3
0 4
0 5
0 6
0 7
0 8
0 9
0 10
21 31
22 31
23 31
24 31
25 31
26 31
27 31
28 31
29 31
30 31
1 26
1 21
1 25
1 29
1 18
2 12
2 28
2 13
2 28
2 23
3 23
3 27
3 12
3 11
3 17
4 12
4 16
4 20
4 15
4 30
5 11
5 20
5 22
5 28
5 28
6 22
6 12
6 26
6 20
6 18
7 18
7 27
7 28
7 24
7 17
8 16
8 17
8 14
8 30
8 15
9 19
9 22
9 23
9 20
9 14
10 30
10 21
10 19
10 19
10 26
11 21
11 30
11 27
11 24
11 29
12 26
12 27
12 22
12 22
12 26
13 30
13 29
13 25
13 29
13 22
14 21
14 24
14 21
14 25
14 25
15 25
15 25
15 28
15 27
15 24
16 22
16 28
16 26
16 30
16 27
17 23
17 22
17 28
17 29
17 26
18 28
18 25
18 22
18 29
18 26
19 30
19 28
19 26
19 24
19 29
20 29
20 24
20 22
20 29
20 30
