30
128
0 1
0 2
0 3
0 4
25 29
26 29
27 29
28 29
1 5
1 15
1 10
1 26
1 22
2 15
2 23
2 10
2 23
2 24
3 16
3 12
3 24
3 28
3 25
4 7
4 6
4 8
4 23
4 24
5 19
5 23
5 19
5 20
5 22
6 26
6 23
6 10
6 10
6 12
7 9
7 22
7 11
7 10
7 16
8 24
8 25
8 14
8 13
8 11
9 25
9 20
9 22
9 13
9 27
10 26
10 23
10 28
10 14
10 25
11 16
11 28
11 23
11 22
11 24
12 13
12 23
12 14
12 26
12 24
13 17
13 19
13 26
13 23
13 24
14 21
14 23
14 20
14 18
14 27
15 22
15 27
15 23
15 20
15 23
16 21
16 21
16 21
16 17
16 26
17 21
17 28
17 26
17 23
17 21
18 21
18 23
18 24
18 22
18 21
19 27
19 26
19 27
19 24
19 21
20 22
20 28
20 23
20 26
20 26
21 25
21 27
21 28
21 27
21 26
22 26
22 28
22 27
22 26
22 28
23 28
23 26
23 27
23 25
23 28
24 27
24 25
24 27
24 26
24 26
