38
282
0 1
0 2
0 3
0 4
0 5
0 6
31 37
32 37
33 37
34 37
35 37
36 37
1 34
1 23
1 25
1 19
1 7
1 23
1 21
1 10
1 20
2 13
2 16
2 17
2 21
2 35
2 32
2 18
2 29
2 36
3 24
3 10
3 35
3 27
3 36
3 29
3 30
3 8
3 25
4 24
4 11
4 18
4 33
4 30
4 35
4 22
4 12
4 27
5 8
5 19
5 23
5 21
5 25
5 32
5 23
5 9
5 22
6 19
6 13
6 36
6 18
6 30
6 10
6 8
6 12
6 9
7 29
7 24
7 35
7 29
7 17
7 31
7 32
7 35
7 18
8 34
8 20
8 33
8 23
8 25
8 21
8 33
8 20
8 27
9 14
9 24
9 28
9 35
9 24
9 34
9 22
9 15
9 13
10 25
10 21
10 30
10 16
10 13
10 33
10 30
10 21
10 29
11 24
11 16
11 28
11 21
11 30
11 27
11 17
11 16
11 32
12 18
12 28
12 15
12 32
12 29
12 26
12 15
12 27
12 30
13 28
13 22
13 36
13 32
13 27
13 26
13 24
13 22
13 26
14 32
14 33
14 22
14 31
14 30
14 24
14 20
14 32
14 21
15 28
15 34
15 28
15 35
15 21
15 31
15 29
15 33
15 29
16 25
16 33
16 35
16 34
16 25
16 36
16 33
16 20
16 26
17 23
17 25
17 29
17 28
17 19
17 23
17 32
17 31
17 34
18 35
18 32
18 27
18 19
18 21
18 25
18 28
18 36
18 27
19 34
19 34
19 33
19 36
19 32
19 36
19 32
19 35
19 30
20 35
20 30
20 35
20 31
20 28
20 34
20 33
20 25
20 34
21 32
21 30
21 32
21 29
21 34
21 31
21 30
21 34
21 33
22 30
22 29
22 30
22 30
22 30
22 32
22 31
22 29
22 27
23 30
23 28
23 30
23 27
23 27
23 35
23 25
23 25
23 26
24 26
24 25
24 30
24 35
24 32
24 28
24 34
24 29
24 25
25 34
25 34
25 33
25 35
25 31
25 35
25 34
25 34
25 35
26 35
26 34
26 33
26 36
26 33
26 35
26 35
26 33
26 35
27 31
27 32
27 33
27 36
27 33
27 33
27 35
27 36
27 35
28 32
28 33
28 31
28 31
28 31
28 32
28 31
28 35
28 32
29 35
29 36
29 33
29 33
29 35
29 31
29 34
29 32
29 31
30 36
30 34
30 34
30 34
30 34
30 35
30 36
30 33
30 35
