30
224
0 1
0 2
0 3
0 4
0 5
0 6
0 7
22 29
23 29
24 29
25 29
26 29
27 29
28 29
1 9
1 12
1 17
1 27
1 16
1 18
1 18
1 17
1 23
1 18
2 10
2 27
2 28
2 12
2 28
2 15
2 11
2 23
2 24
2 24
3 25
3 22
3 20
3 17
3 10
3 13
3 13
3 21
3 9
3 27
4 13
4 8
4 11
4 20
4 25
4 17
4 9
4 15
4 24
4 24
5 23
5 26
5 20
5 22
5 28
5 18
5 28
5 10
5 10
5 23
6 25
6 27
6 15
6 16
6 16
6 17
6 19
6 19
6 9
6 18
7 17
7 14
7 19
7 20
7 25
7 13
7 27
7 26
7 18
7 22
8 27
8 18
8 17
8 18
8 25
8 24
8 19
8 15
8 24
8 15
9 22
9 25
9 27
9 15
9 19
9 19
9 22
9 24
9 23
9 16
10 27
10 19
10 27
10 15
10 22
10 23
10 19
10 21
10 19
10 22
11 26
11 15
11 25
11 15
11 16
11 20
11 22
11 21
11 18
11 15
12 21
12 23
12 26
12 17
12 21
12 28
12 22
12 28
12 21
12 16
13 27
13 18
13 18
13 26
13 18
13 26
13 18
13 20
13 16
13 20
14 26
14 25
14 20
14 20
14 23
14 22
14 23
14 16
14 26
14 27
15 22
15 25
15 26
15 26
15 25
15 26
15 25
15 25
15 25
15 25
16 25
16 24
16 26
16 26
16 26
16 27
16 28
16 27
16 26
16 22
17 26
17 23
17 24
17 22
17 28
17 25
17 22
17 28
17 27
17 24
18 26
18 25
18 25
18 23
18 22
18 22
18 25
18 23
18 25
18 22
19 24
19 26
19 22
19 28
19 24
19 24
19 27
19 23
19 22
19 24
20 22
20 26
20 23
20 24
20 25
20 27
20 27
20 25
20 26
20 23
21 28
21 28
21 26
21 24
21 28
21 24
21 22
21 24
21 26
21 24
