42
272
0 1
0 2
0 3
0 4
0 5
0 6
0 7
0 8
33 41
34 41
35 41
36 41
37 41
38 41
39 41
40 41
1 10
1 10
1 13
1 34
1 17
1 34
1 14
1 26
2 16
2 35
2 21
2 35
2 18
2 16
2 22
2 19
3 19
3 27
3 13
3 33
3 14
3 10
3 17
3 26
4 23
4 20
4 12
4 26
4 21
4 9
4 32
4 22
5 11
5 37
5 15
5 19
5 30
5 20
5 37
5 37
6 14
6 17
6 32
6 23
6 25
6 13
6 33
6 35
7 31
7 38
7 27
7 36
7 39
7 35
7 21
7 22
8 15
8 24
8 39
8 27
8 25
8 31
8 40
8 27
9 27
9 30
9 21
9 40
9 25
9 25
9 21
9 23
10 26
10 36
10 29
10 34
10 32
10 38
10 20
10 38
11 27
11 22
11 25
11 33
11 40
11 21
11 38
11 30
12 29
12 29
12 24
12 21
12 35
12 31
12 31
12 21
13 36
13 35
13 20
13 37
13 36
13 40
13 35
13 37
14 27
14 23
14 30
14 18
14 36
14 33
14 39
14 38
15 30
15 23
15 31
15 21
15 28
15 28
15 35
15 32
16 40
16 18
16 28
16 26
16 25
16 18
16 22
16 36
17 28
17 26
17 32
17 31
17 33
17 26
17 35
17 36
18 25
18 40
18 37
18 36
18 40
18 28
18 26
18 37
19 34
19 40
19 26
19 37
19 27
19 28
19 36
19 35
20 29
20 31
20 36
20 29
20 40
20 34
20 33
20 28
21 35
21 40
21 34
21 27
21 26
21 29
21 38
21 26
22 28
22 35
22 37
22 28
22 38
22 38
22 40
22 31
23 37
23 25
23 28
23 40
23 28
23 39
23 34
23 33
24 30
24 29
24 37
24 29
24 38
24 29
24 32
24 32
25 37
25 34
25 35
25 38
25 38
25 40
25 39
25 33
26 34
26 35
26 36
26 39
26 33
26 36
26 38
26 37
27 36
27 33
27 36
27 40
27 39
27 37
27 40
27 36
28 34
28 36
28 33
28 39
28 33
28 40
28 39
28 37
29 33
29 33
29 34
29 38
29 40
29 40
29 39
29 34
30 34
30 34
30 40
30 34
30 37
30 37
30 39
30 33
31 37
31 34
31 40
31 36
31 39
31 39
31 39
31 40
32 34
32 39
32 38
32 34
32 39
32 36
32 38
32 39
