34
260
0 1
0 2
0 3
0 4
29 33
30 33
31 33
32 33
1 27
1 6
1 31
1 25
1 14
1 9
1 21
1 23
1 15
2 31
2 28
2 22
2 23
2 18
2 12
2 19
2 32
2 13
3 19
3 24
3 12
3 9
3 14
3 22
3 12
3 5
3 20
4 9
4 20
4 13
4 7
4 14
4 27
4 5
4 18
4 8
5 14
5 22
5 26
5 20
5 16
5 17
5 29
5 11
5 15
6 12
6 21
6 18
6 25
6 11
6 17
6 12
6 24
6 22
7 29
7 11
7 26
7 13
7 11
7 29
7 13
7 9
7 26
8 31
8 26
8 27
8 15
8 23
8 32
8 24
8 10
8 16
9 25
9 14
9 26
9 23
9 22
9 22
9 24
9 26
9 17
10 28
10 21
10 28
10 30
10 26
10 26
10 31
10 22
10 28
11 28
11 26
11 21
11 29
11 13
11 26
11 16
11 19
11 24
12 31
12 30
12 13
12 18
12 14
12 14
12 23
12 16
12 23
13 21
13 19
13 20
13 29
13 27
13 25
13 20
13 32
13 18
14 21
14 30
14 23
14 32
14 17
14 24
14 20
14 30
14 24
15 25
15 21
15 30
15 28
15 19
15 28
15 24
15 17
15 17
16 18
16 23
16 21
16 20
16 27
16 23
16 24
16 23
16 17
17 32
17 26
17 28
17 25
17 22
17 26
17 31
17 30
17 26
18 30
18 21
18 27
18 30
18 26
18 23
18 23
18 21
18 30
19 22
19 21
19 22
19 23
19 30
19 32
19 31
19 25
19 23
20 25
20 28
20 21
20 26
20 27
20 31
20 25
20 23
20 32
21 30
21 29
21 29
21 28
21 27
21 30
21 30
21 32
21 31
22 29
22 26
22 27
22 30
22 32
22 31
22 31
22 30
22 28
23 30
23 32
23 29
23 32
23 32
23 28
23 25
23 25
23 27
24 27
24 26
24 25
24 26
24 31
24 30
24 31
24 26
24 32
25 32
25 32
25 31
25 30
25 32
25 32
25 32
25 29
25 31
26 31
26 31
26 32
26 30
26 32
26 31
26 30
26 32
26 31
27 30
27 32
27 31
27 32
27 30
27 32
27 32
27 31
27 31
28 29
28 29
28 32
28 32
28 32
28 31
28 30
28 29
28 30
