22
130
0 1
0 2
0 3
0 4
0 5
16 21
17 21
18 21
19 21
20 21
1 19
1 7
1 18
1 16
1 14
1 16
1 7
1 18
2 15
2 7
2 8
2 13
2 11
2 10
2 14
2 7
3 6
3 12
3 13
3 7
3 17
3 14
3 18
3 15
4 8
4 11
4 8
4 19
4 13
4 16
4 20
4 18
5 18
5 9
5 20
5 18
5 19
5 7
5 7
5 13
6 20
6 14
6 12
6 20
6 15
6 18
6 19
6 15
7 16
7 11
7 14
7 17
7 12
7 11
7 17
7 14
8 13
8 11
8 17
8 12
8 16
8 16
8 15
8 18
9 17
9 16
9 17
9 20
9 14
9 18
9 15
9 16
10 13
10 16
10 15
10 18
10 15
10 15
10 14
10 11
11 18
11 19
11 17
11 19
11 19
11 20
11 19
11 17
12 20
12 20
12 18
12 16
12 17
12 19
12 20
12 18
13 17
13 17
13 20
13 20
13 16
13 16
13 20
13 19
14 18
14 17
14 18
14 18
14 18
14 18
14 18
14 17
15 17
15 16
15 17
15 17
15 16
15 20
15 20
15 20
