26
128
0 1
0 2
0 3
0 4
0 5
0 6
0 7
0 8
17 25
18 25
19 25
20 25
21 25
22 25
23 25
24 25
1 21
1 15
1 10
1 20
1 19
1 19
1 14
2 11
2 23
2 9
2 14
2 12
2 20
2 13
3 21
3 12
3 15
3 13
3 12
3 24
3 11
4 9
4 13
4 23
4 24
4 11
4 14
4 18
5 22
5 11
5 23
5 18
5 17
5 9
5 13
6 11
6 19
6 18
6 13
6 17
6 19
6 19
7 21
7 14
7 23
7 17
7 17
7 13
7 21
8 20
8 12
8 23
8 21
8 16
8 22
8 20
9 18
9 19
9 22
9 23
9 21
9 20
9 24
10 22
10 20
10 21
10 24
10 22
10 22
10 21
11 23
11 24
11 23
11 19
11 21
11 21
11 19
12 21
12 17
12 23
12 17
12 20
12 22
12 21
13 20
13 19
13 24
13 21
13 21
13 21
13 20
14 18
14 17
14 19
14 23
14 20
14 23
14 22
15 18
15 21
15 18
15 24
15 20
15 24
15 18
16 17
16 20
16 20
16 21
16 20
16 18
16 21
