34
232
0 1
0 2
0 3
0 4
0 5
0 6
0 7
0 8
25 33
26 33
27 33
28 33
29 33
30 33
31 33
32 33
1 29
1 24
1 15
1 32
1 11
1 20
1 13
1 14
1 13
2 15
2 26
2 20
2 11
2 19
2 30
2 11
2 15
2 17
3 22
3 12
3 12
3 13
3 29
3 20
3 23
3 21
3 20
4 24
4 19
4 17
4 13
4 31
4 32
4 19
4 30
4 10
5 22
5 27
5 31
5 26
5 9
5 17
5 13
5 27
5 27
6 26
6 29
6 25
6 27
6 11
6 29
6 30
6 15
6 17
7 9
7 21
7 29
7 20
7 12
7 31
7 29
7 32
7 30
8 20
8 18
8 19
8 22
8 23
8 13
8 12
8 16
8 14
9 20
9 21
9 32
9 30
9 30
9 21
9 23
9 24
9 31
10 19
10 29
10 29
10 27
10 21
10 17
10 23
10 17
10 20
11 22
11 29
11 28
11 19
11 24
11 21
11 21
11 29
11 28
12 26
12 17
12 27
12 23
12 20
12 31
12 22
12 18
12 29
13 26
13 24
13 20
13 24
13 26
13 17
13 20
13 20
13 21
14 20
14 26
14 21
14 24
14 31
14 17
14 19
14 17
14 25
15 23
15 22
15 21
15 18
15 31
15 21
15 29
15 21
15 25
16 27
16 26
16 26
16 23
16 20
16 17
16 27
16 27
16 26
17 27
17 31
17 29
17 31
17 26
17 30
17 28
17 25
17 29
18 28
18 27
18 29
18 28
18 26
18 26
18 25
18 27
18 32
19 29
19 31
19 28
19 29
19 26
19 30
19 30
19 32
19 25
20 30
20 26
20 27
20 31
20 28
20 25
20 27
20 27
20 27
21 25
21 30
21 27
21 29
21 25
21 30
21 25
21 29
21 31
22 27
22 29
22 25
22 26
22 25
22 32
22 30
22 30
22 25
23 27
23 27
23 32
23 27
23 25
23 26
23 29
23 31
23 29
24 30
24 26
24 31
24 32
24 26
24 28
24 26
24 30
24 29
