23
126
0 1
0 2
0 3
0 4
0 5
0 6
0 7
15 22
16 22
17 22
18 22
19 22
20 22
21 22
1 9
1 12
1 17
1 13
1 9
1 11
1 18
1 10
2 9
2 11
2 10
2 13
2 14
2 19
2 21
2 8
3 18
3 16
3 10
3 10
3 11
3 8
3 13
3 17
4 10
4 20
4 20
4 21
4 9
4 13
4 13
4 8
5 18
5 20
5 11
5 17
5 9
5 8
5 17
5 10
6 9
6 19
6 13
6 15
6 14
6 11
6 14
6 10
7 17
7 16
7 11
7 20
7 15
7 16
7 16
7 17
8 19
8 19
8 16
8 18
8 17
8 21
8 19
8 20
9 18
9 20
9 20
9 19
9 18
9 15
9 20
9 18
10 17
10 18
10 18
10 17
10 19
10 15
10 17
10 15
11 15
11 18
11 20
11 15
11 19
11 19
11 15
11 17
12 16
12 16
12 20
12 19
12 20
12 15
12 15
12 16
13 19
13 21
13 19
13 15
13 19
13 15
13 18
13 15
14 16
14 20
14 15
14 21
14 18
14 15
14 21
14 16
