20
120
0 1
0 2
0 3
0 4
0 5
0 6
13 19
14 19
15 19
16 19
17 19
18 19
1 14
1 17
1 16
1 14
1 12
1 14
1 17
1 7
1 16
2 8
2 9
2 14
2 9
2 14
2 18
2 17
2 7
2 13
3 11
3 11
3 18
3 15
3 10
3 16
3 9
3 9
3 9
4 14
4 14
4 14
4 12
4 13
4 13
4 13
4 12
4 10
5 8
5 11
5 14
5 17
5 16
5 16
5 16
5 18
5 15
6 8
6 9
6 15
6 18
6 13
6 12
6 17
6 14
6 15
7 15
7 16
7 15
7 15
7 17
7 14
7 16
7 16
7 15
8 16
8 15
8 18
8 17
8 16
8 14
8 18
8 13
8 16
9 13
9 16
9 15
9 16
9 15
9 15
9 16
9 15
9 14
10 13
10 13
10 15
10 15
10 13
10 16
10 18
10 15
10 14
11 13
11 13
11 15
11 13
11 14
11 17
11 17
11 13
11 13
12 18
12 16
12 17
12 15
12 17
12 18
12 16
12 18
12 15
