20
96
0 1
0 2
0 3
16 19
17 19
18 19
1 16
1 4
1 15
1 7
1 8
1 11
2 5
2 10
2 13
2 18
2 4
2 14
3 18
3 17
3 6
3 10
3 6
3 6
4 16
4 7
4 11
4 15
4 8
4 15
5 9
5 8
5 16
5 12
5 11
5 18
6 11
6 16
6 10
6 8
6 16
6 18
7 13
7 12
7 10
7 14
7 13
7 17
8 15
8 13
8 16
8 15
8 14
8 12
9 15
9 12
9 11
9 13
9 12
9 18
10 16
10 18
10 13
10 13
10 17
10 18
11 17
11 16
11 13
11 18
11 15
11 14
12 15
12 16
12 14
12 18
12 18
12 17
13 18
13 18
13 17
13 18
13 17
13 17
14 18
14 17
14 16
14 17
14 18
14 18
15 16
15 16
15 18
15 17
15 16
15 17
