50
306
0 1
0 2
0 3
0 4
0 5
0 6
43 49
44 49
45 49
46 49
47 49
48 49
1 25
1 36
1 8
1 37
1 18
1 37
1 10
2 42
2 22
2 39
2 27
2 13
2 45
2 45
3 18
3 33
3 46
3 33
3 35
3 8
3 45
4 39
4 45
4 21
4 32
4 18
4 12
4 46
5 15
5 7
5 9
5 33
5 36
5 9
5 19
6 48
6 39
6 21
6 39
6 10
6 11
6 15
7 39
7 36
7 17
7 36
7 14
7 27
7 20
8 46
8 26
8 39
8 31
8 45
8 23
8 42
9 24
9 22
9 33
9 38
9 16
9 16
9 39
10 19
10 42
10 25
10 30
10 18
10 15
10 30
11 37
11 18
11 26
11 27
11 41
11 31
11 15
12 22
12 25
12 38
12 20
12 18
12 28
12 38
13 38
13 32
13 23
13 31
13 33
13 37
13 25
14 22
14 26
14 33
14 29
14 43
14 43
14 38
15 46
15 40
15 44
15 23
15 37
15 21
15 37
16 23
16 43
16 43
16 20
16 25
16 45
16 33
17 25
17 40
17 44
17 36
17 46
17 48
17 19
18 30
18 29
18 25
18 34
18 36
18 31
18 44
19 47
19 25
19 45
19 38
19 32
19 44
19 34
20 32
20 29
20 33
20 36
20 35
20 45
20 42
21 34
21 39
21 42
21 26
21 29
21 44
21 43
22 44
22 35
22 29
22 29
22 33
22 29
22 44
23 25
23 29
23 43
23 47
23 46
23 32
23 28
24 45
24 27
24 38
24 29
24 47
24 46
24 32
25 46
25 46
25 47
25 47
25 41
25 47
25 40
26 39
26 48
26 46
26 46
26 44
26 39
26 38
27 39
27 35
27 32
27 33
27 44
27 48
27 35
28 45
28 37
28 42
28 41
28 32
28 41
28 39
29 48
29 48
29 33
29 43
29 46
29 31
29 41
30 38
30 47
30 48
30 44
30 44
30 46
30 39
31 44
31 40
31 44
31 40
31 42
31 39
31 40
32 37
32 37
32 38
32 37
32 41
32 47
32 42
33 48
33 46
33 42
33 42
33 45
33 38
33 48
34 46
34 43
34 45
34 39
34 41
34 44
34 40
35 41
35 45
35 48
35 48
35 40
35 44
35 39
36 38
36 38
36 46
36 42
36 42
36 39
36 43
37 47
37 43
37 48
37 46
37 46
37 47
37 43
38 47
38 43
38 47
38 44
38 43
38 43
38 47
39 45
39 48
39 44
39 43
39 43
39 48
39 46
40 44
40 47
40 46
40 45
40 46
40 43
40 45
41 46
41 45
41 45
41 44
41 46
41 48
41 45
42 47
42 46
42 46
42 45
42 44
42 44
42 47
