62
370
0 1
0 2
0 3
0 4
0 5
0 6
0 7
0 8
0 9
0 10
51 61
52 61
53 61
54 61
55 61
56 61
57 61
58 61
59 61
60 61
1 21
1 31
1 17
1 42
1 51
1 43
1 36
2 49
2 57
2 44
2 23
2 31
2 54
2 52
3 60
3 43
3 27
3 27
3 58
3 15
3 42
4 24
4 32
4 15
4 60
4 42
4 12
4 12
5 51
5 13
5 42
5 13
5 36
5 48
5 44
6 26
6 31
6 22
6 16
6 29
6 57
6 28
7 52
7 50
7 21
7 53
7 34
7 40
7 19
8 31
8 44
8 52
8 46
8 18
8 58
8 48
9 51
9 60
9 49
9 41
9 14
9 32
9 45
10 39
10 20
10 31
10 56
10 42
10 44
10 11
11 22
11 30
11 60
11 53
11 51
11 21
11 38
12 44
12 30
12 48
12 47
12 55
12 60
12 24
13 24
13 49
13 41
13 54
13 48
13 42
13 46
14 42
14 53
14 53
14 22
14 44
14 33
14 28
15 25
15 56
15 30
15 27
15 25
15 30
15 51
16 55
16 22
16 28
16 30
16 31
16 56
16 56
17 57
17 47
17 52
17 21
17 35
17 32
17 46
18 23
18 45
18 24
18 36
18 38
18 56
18 37
19 53
19 28
19 36
19 58
19 55
19 46
19 24
20 59
20 47
20 54
20 45
20 48
20 22
20 54
21 60
21 39
21 32
21 58
21 35
21 33
21 60
22 39
22 46
22 36
22 33
22 33
22 31
22 38
23 32
23 46
23 57
23 34
23 53
23 42
23 51
24 59
24 39
24 46
24 47
24 55
24 60
24 43
25 54
25 43
25 58
25 53
25 43
25 59
25 43
26 47
26 53
26 42
26 47
26 31
26 39
26 50
27 33
27 39
27 49
27 56
27 46
27 45
27 59
28 60
28 49
28 50
28 58
28 57
28 35
28 36
29 44
29 56
29 48
29 37
29 60
29 46
29 52
30 42
30 36
30 56
30 50
30 51
30 37
30 37
31 53
31 58
31 58
31 47
31 58
31 56
31 42
32 44
32 53
32 50
32 53
32 51
32 41
32 41
33 59
33 58
33 56
33 52
33 45
33 56
33 41
34 45
34 41
34 54
34 48
34 48
34 49
34 58
35 58
35 55
35 54
35 42
35 44
35 51
35 48
36 42
36 58
36 49
36 57
36 42
36 51
36 49
37 44
37 51
37 41
37 43
37 60
37 57
37 46
38 45
38 44
38 58
38 41
38 56
38 51
38 48
39 43
39 59
39 45
39 53
39 46
39 58
39 54
40 49
40 60
40 42
40 42
40 50
40 50
40 58
41 51
41 60
41 57
41 57
41 53
41 59
41 59
42 52
42 57
42 56
42 58
42 60
42 54
42 58
43 55
43 56
43 56
43 58
43 55
43 60
43 52
44 60
44 60
44 55
44 60
44 51
44 56
44 52
45 52
45 58
45 59
45 53
45 59
45 57
45 59
46 51
46 56
46 59
46 55
46 52
46 56
46 52
47 52
47 51
47 60
47 56
47 57
47 57
47 55
48 53
48 56
48 56
48 52
48 57
48 51
48 51
49 60
49 58
49 54
49 51
49 57
49 53
49 55
50 56
50 51
50 53
50 58
50 56
50 53
50 54
