32
108
0 1
0 2
0 3
0 4
0 5
0 6
25 31
26 31
27 31
28 31
29 31
30 31
1 22
1 29
1 19
1 8
2 21
2 13
2 20
2 28
3 12
3 18
3 20
3 28
4 29
4 9
4 8
4 11
5 26
5 10
5 27
5 25
6 19
6 22
6 15
6 7
7 27
7 24
7 27
7 16
8 25
8 24
8 17
8 28
9 16
9 21
9 27
9 30
10 26
10 14
10 19
10 13
11 26
11 24
11 16
11 24
12 30
12 30
12 26
12 17
13 25
13 28
13 29
13 25
14 19
14 26
14 30
14 19
15 29
15 20
15 22
15 23
16 25
16 19
16 24
16 20
17 27
17 26
17 29
17 26
18 26
18 27
18 26
18 21
19 30
19 28
19 26
19 29
20 25
20 26
20 27
20 25
21 29
21 30
21 30
21 30
22 29
22 29
22 30
22 27
23 28
23 26
23 30
23 27
24 26
24 27
24 28
24 26
