32
132
0 1
0 2
0 3
0 4
0 5
0 6
25 31
26 31
27 31
28 31
29 31
30 31
1 22
1 29
1 19
1 8
1 21
2 13
2 20
2 28
2 12
2 18
3 20
3 28
3 29
3 9
3 8
4 11
4 26
4 10
4 27
4 25
5 19
5 22
5 15
5 7
5 15
6 30
6 21
6 22
6 25
6 12
7 17
7 28
7 16
7 21
7 27
8 30
8 26
8 14
8 19
8 13
9 26
9 24
9 16
9 24
9 30
10 30
10 26
10 17
10 19
10 16
11 29
11 25
11 25
11 26
11 24
12 19
12 17
12 20
12 22
12 29
13 25
13 19
13 24
13 20
13 27
14 26
14 29
14 26
14 26
14 27
15 26
15 21
15 30
15 28
15 26
16 23
16 19
16 20
16 27
16 25
17 29
17 30
17 24
17 30
17 29
18 23
18 30
18 27
18 28
18 26
19 30
19 27
19 26
19 27
19 28
20 26
20 27
20 25
20 28
20 28
21 27
21 27
21 30
21 25
21 30
22 29
22 29
22 28
22 30
22 30
23 27
23 29
23 29
23 26
23 26
24 27
24 28
24 29
24 27
24 25
