82
230
0 1
0 2
0 3
0 4
0 5
0 6
0 7
0 8
0 9
0 10
71 81
72 81
73 81
74 81
75 81
76 81
77 81
78 81
79 81
80 81
1 26
1 57
1 50
2 49
2 12
2 61
3 74
3 61
3 80
4 55
4 30
4 48
5 22
5 35
5 18
6 13
6 15
6 16
7 47
7 37
7 19
8 11
8 20
8 72
9 56
9 24
9 30
10 17
10 14
10 63
11 39
11 61
11 41
12 28
12 59
12 72
13 48
13 75
13 34
14 29
14 31
14 25
15 39
15 33
15 71
16 66
16 27
16 36
17 43
17 25
17 34
18 31
18 65
18 23
19 32
19 21
19 66
20 44
20 29
20 61
21 76
21 68
21 61
22 58
22 57
22 42
23 71
23 57
23 46
24 44
24 65
24 36
25 50
25 45
25 70
26 61
26 80
26 56
27 38
27 33
27 33
28 31
28 33
28 37
29 43
29 67
29 69
30 49
30 50
30 40
31 71
31 57
31 59
32 52
32 56
32 45
33 55
33 66
33 71
34 60
34 61
34 78
35 67
35 60
35 42
36 47
36 50
36 44
37 44
37 67
37 76
38 66
38 57
38 50
39 45
39 70
39 68
40 75
40 60
40 69
41 56
41 80
41 77
42 54
42 53
42 62
43 79
43 77
43 57
44 51
44 78
44 67
45 70
45 75
45 59
46 72
46 63
46 68
47 77
47 78
47 57
48 72
48 66
48 53
49 73
49 70
49 74
50 63
50 66
50 75
51 61
51 72
51 75
52 78
52 75
52 79
53 69
53 75
53 78
54 78
54 78
54 75
55 66
55 77
55 71
56 74
56 70
56 65
57 64
57 66
57 63
58 80
58 69
58 78
59 72
59 62
59 69
60 78
60 74
60 66
61 72
61 76
61 77
62 78
62 73
62 74
63 77
63 74
63 80
64 74
64 73
64 77
65 80
65 80
65 74
66 73
66 74
66 75
67 77
67 77
67 71
68 71
68 76
68 71
69 78
69 79
69 72
70 78
70 76
70 77
