56
423
0 1
0 2
0 3
0 4
0 5
0 6
0 7
0 8
0 9
46 55
47 55
48 55
49 55
50 55
51 55
52 55
53 55
54 55
1 54
1 15
1 47
1 35
1 34
1 40
1 46
1 37
1 48
2 30
2 36
2 15
2 32
2 35
2 37
2 11
2 46
2 44
3 24
3 50
3 48
3 10
3 26
3 51
3 25
3 10
3 27
4 30
4 53
4 36
4 41
4 14
4 41
4 34
4 39
4 28
5 26
5 37
5 17
5 20
5 12
5 43
5 32
5 42
5 23
6 14
6 50
6 21
6 10
6 20
6 16
6 49
6 27
6 39
7 52
7 43
7 39
7 24
7 18
7 44
7 13
7 11
7 48
8 51
8 35
8 39
8 24
8 14
8 21
8 31
8 24
8 31
9 19
9 53
9 25
9 39
9 19
9 20
9 50
9 20
9 30
10 20
10 21
10 37
10 29
10 27
10 25
10 39
10 30
10 49
11 28
11 31
11 41
11 20
11 46
11 20
11 20
11 40
11 51
12 41
12 53
12 27
12 24
12 42
12 25
12 48
12 43
12 52
13 38
13 38
13 51
13 41
13 20
13 53
13 39
13 30
13 41
14 45
14 50
14 33
14 39
14 40
14 45
14 25
14 21
14 36
15 26
15 22
15 22
15 38
15 44
15 36
15 46
15 29
15 39
16 32
16 38
16 27
16 46
16 22
16 27
16 42
16 24
16 28
17 21
17 44
17 19
17 23
17 34
17 51
17 37
17 34
17 52
18 28
18 20
18 54
18 25
18 28
18 21
18 44
18 27
18 27
19 43
19 37
19 28
19 44
19 32
19 37
19 52
19 50
19 31
20 40
20 45
20 45
20 31
20 45
20 43
20 41
20 31
20 29
21 53
21 32
21 53
21 30
21 30
21 36
21 47
21 36
21 52
22 47
22 35
22 34
22 37
22 39
22 32
22 54
22 28
22 36
23 52
23 42
23 48
23 28
23 54
23 54
23 34
23 47
23 44
24 49
24 49
24 36
24 39
24 36
24 40
24 37
24 38
24 42
25 34
25 30
25 40
25 48
25 38
25 36
25 54
25 37
25 47
26 31
26 52
26 37
26 28
26 49
26 51
26 37
26 49
26 39
27 52
27 28
27 47
27 41
27 38
27 41
27 50
27 49
27 49
28 51
28 47
28 39
28 37
28 42
28 39
28 47
28 53
28 41
29 37
29 50
29 50
29 47
29 51
29 47
29 47
29 52
29 50
30 50
30 50
30 42
30 42
30 39
30 49
30 52
30 41
30 50
31 37
31 52
31 51
31 38
31 49
31 43
31 41
31 47
31 48
32 41
32 39
32 45
32 45
32 39
32 40
32 38
32 47
32 37
33 46
33 38
33 50
33 39
33 51
33 43
33 44
33 54
33 45
34 38
34 50
34 48
34 49
34 48
34 45
34 45
34 49
34 37
35 49
35 51
35 47
35 43
35 38
35 47
35 49
35 44
35 49
36 52
36 46
36 40
36 50
36 53
36 41
36 43
36 38
36 53
37 50
37 52
37 53
37 47
37 52
37 48
37 49
37 46
37 50
38 47
38 53
38 51
38 47
38 47
38 48
38 47
38 51
38 47
39 46
39 54
39 52
39 48
39 50
39 52
39 51
39 54
39 49
40 46
40 52
40 50
40 53
40 54
40 54
40 51
40 46
40 51
41 51
41 48
41 50
41 53
41 49
41 48
41 50
41 48
41 47
42 50
42 47
42 53
42 49
42 48
42 50
42 46
42 50
42 54
43 51
43 46
43 54
43 54
43 46
43 49
43 47
43 51
43 48
44 46
44 48
44 46
44 52
44 51
44 48
44 54
44 50
44 49
45 54
45 52
45 52
45 46
45 47
45 51
45 51
45 48
45 53
