26
138
0 1
0 2
0 3
0 4
0 5
0 6
19 25
20 25
21 25
22 25
23 25
24 25
1 10
1 18
1 16
1 20
1 10
1 23
1 12
2 10
2 13
2 12
2 11
2 18
2 12
2 9
3 17
3 10
3 9
3 24
3 10
3 18
3 7
4 7
4 23
4 18
4 11
4 10
4 13
4 18
5 21
5 8
5 9
5 22
5 20
5 18
5 18
6 23
6 15
6 21
6 8
6 21
6 8
6 11
7 15
7 17
7 13
7 23
7 24
7 21
7 16
8 16
8 24
8 14
8 16
8 17
8 17
8 24
9 18
9 17
9 24
9 24
9 19
9 14
9 15
10 20
10 18
10 14
10 16
10 14
10 15
10 21
11 16
11 16
11 13
11 22
11 21
11 17
11 20
12 20
12 18
12 15
12 15
12 17
12 17
12 23
13 19
13 19
13 22
13 22
13 24
13 19
13 21
14 22
14 19
14 24
14 21
14 24
14 23
14 24
15 23
15 19
15 24
15 24
15 21
15 23
15 22
16 21
16 19
16 21
16 20
16 22
16 22
16 23
17 21
17 24
17 21
17 19
17 24
17 22
17 23
18 21
18 23
18 23
18 24
18 23
18 22
18 20
