34
232
0 1
0 2
0 3
0 4
29 33
30 33
31 33
32 33
1 32
1 32
1 16
1 11
1 26
1 9
1 6
1 11
2 10
2 31
2 15
2 27
2 6
2 31
2 22
2 27
3 11
3 6
3 15
3 26
3 32
3 27
3 7
3 14
4 8
4 30
4 15
4 16
4 5
4 24
4 23
4 17
5 15
5 26
5 11
5 20
5 10
5 12
5 10
5 32
6 22
6 17
6 30
6 28
6 23
6 27
6 10
6 21
7 20
7 32
7 19
7 11
7 27
7 9
7 20
7 30
8 18
8 30
8 22
8 18
8 21
8 28
8 14
8 19
9 21
9 16
9 18
9 19
9 28
9 32
9 22
9 13
10 20
10 19
10 16
10 30
10 29
10 14
10 18
10 13
11 29
11 28
11 23
11 31
11 24
11 15
11 25
11 29
12 32
12 14
12 23
12 17
12 25
12 20
12 27
12 13
13 20
13 25
13 23
13 23
13 24
13 28
13 23
13 31
14 30
14 19
14 28
14 19
14 32
14 29
14 27
14 28
15 17
15 21
15 27
15 28
15 27
15 31
15 25
15 23
16 24
16 23
16 31
16 20
16 18
16 25
16 28
16 21
17 25
17 27
17 27
17 24
17 30
17 26
17 30
17 24
18 28
18 29
18 30
18 31
18 26
18 28
18 22
18 26
19 32
19 24
19 21
19 23
19 22
19 21
19 21
19 21
20 27
20 31
20 24
20 21
20 27
20 32
20 21
20 32
21 30
21 32
21 27
21 27
21 25
21 25
21 30
21 28
22 25
22 27
22 30
22 30
22 26
22 27
22 27
22 30
23 27
23 28
23 28
23 32
23 28
23 32
23 29
23 27
24 26
24 28
24 27
24 28
24 31
24 31
24 31
24 28
25 30
25 30
25 31
25 30
25 30
25 32
25 29
25 30
26 31
26 30
26 32
26 32
26 29
26 30
26 29
26 31
27 29
27 32
27 30
27 29
27 31
27 30
27 31
27 32
28 30
28 29
28 32
28 32
28 31
28 30
28 32
28 29
