51
182
0 1
0 2
0 3
0 4
0 5
0 6
0 7
43 50
44 50
45 50
46 50
47 50
48 50
49 50
1 31
1 11
1 12
1 8
2 14
2 37
2 19
2 34
3 22
3 41
3 36
3 47
4 38
4 26
4 29
4 45
5 16
5 9
5 35
5 27
6 49
6 10
6 43
6 20
7 13
7 49
7 45
7 18
8 26
8 30
8 43
8 21
9 27
9 38
9 40
9 19
10 39
10 44
10 46
10 17
11 43
11 30
11 28
11 15
12 49
12 35
12 45
12 34
13 23
13 42
13 23
13 27
14 15
14 30
14 47
14 41
15 27
15 40
15 30
15 31
16 35
16 49
16 28
16 45
17 44
17 40
17 33
17 25
18 34
18 48
18 46
18 32
19 22
19 38
19 32
19 40
20 35
20 26
20 24
20 22
21 46
21 25
21 47
21 25
22 31
22 35
22 44
22 41
23 32
23 36
23 41
23 31
24 42
24 33
24 31
24 42
25 37
25 43
25 43
25 41
26 48
26 39
26 37
26 32
27 46
27 34
27 36
27 45
28 45
28 43
28 37
28 32
29 37
29 41
29 41
29 44
30 47
30 42
30 42
30 41
31 36
31 47
31 49
31 40
32 43
32 37
32 37
32 44
33 37
33 37
33 42
33 48
34 45
34 49
34 44
34 41
35 38
35 43
35 49
35 45
36 43
36 43
36 48
36 43
37 48
37 46
37 44
37 43
38 44
38 49
38 48
38 49
39 44
39 47
39 46
39 44
40 49
40 46
40 44
40 48
41 47
41 43
41 44
41 48
42 47
42 44
42 44
42 49
