34
148
0 1
0 2
0 3
0 4
29 33
30 33
31 33
32 33
1 25
1 6
1 8
1 9
1 31
2 30
2 29
2 11
2 12
2 13
3 13
3 28
3 7
3 23
3 5
4 16
4 28
4 11
4 24
4 20
5 17
5 12
5 10
5 11
5 22
6 22
6 28
6 20
6 25
6 29
7 23
7 13
7 14
7 31
7 21
8 21
8 16
8 9
8 19
8 15
9 21
9 23
9 23
9 20
9 25
10 31
10 27
10 32
10 13
10 31
11 32
11 25
11 18
11 21
11 32
12 27
12 18
12 27
12 14
12 22
13 19
13 21
13 18
13 17
13 27
14 22
14 29
14 18
14 22
14 23
15 24
15 23
15 17
15 18
15 22
16 21
16 17
16 20
16 21
16 25
17 30
17 28
17 30
17 27
17 28
18 21
18 21
18 21
18 23
18 23
19 30
19 22
19 23
19 27
19 26
20 29
20 24
20 22
20 30
20 21
21 32
21 25
21 31
21 32
21 27
22 28
22 28
22 27
22 32
22 32
23 27
23 29
23 27
23 28
23 32
24 30
24 32
24 28
24 30
24 27
25 30
25 31
25 32
25 32
25 29
26 29
26 32
26 32
26 30
26 29
27 29
27 29
27 30
27 31
27 32
28 32
28 31
28 31
28 30
28 30
