30
161
0 1
0 2
0 3
0 4
0 5
0 6
0 7
22 29
23 29
24 29
25 29
26 29
27 29
28 29
1 13
1 24
1 19
1 25
1 10
1 11
1 27
2 19
2 11
2 17
2 26
2 21
2 26
2 20
3 9
3 8
3 22
3 19
3 9
3 24
3 8
4 20
4 13
4 10
4 23
4 16
4 8
4 26
5 21
5 14
5 12
5 24
5 28
5 21
5 20
6 10
6 24
6 18
6 19
6 25
6 25
6 14
7 16
7 22
7 26
7 15
7 20
7 18
7 24
8 22
8 27
8 24
8 25
8 23
8 27
8 19
9 25
9 25
9 28
9 24
9 17
9 24
9 19
10 17
10 23
10 22
10 17
10 17
10 25
10 19
11 18
11 26
11 26
11 19
11 27
11 28
11 19
12 23
12 24
12 20
12 16
12 23
12 15
12 24
13 17
13 27
13 26
13 25
13 24
13 26
13 18
14 24
14 21
14 20
14 24
14 27
14 27
14 26
15 22
15 28
15 22
15 24
15 26
15 26
15 28
16 22
16 23
16 24
16 23
16 26
16 22
16 23
17 25
17 22
17 25
17 25
17 26
17 23
17 22
18 26
18 25
18 25
18 26
18 22
18 24
18 22
19 27
19 27
19 26
19 26
19 27
19 26
19 28
20 24
20 28
20 25
20 22
20 23
20 27
20 23
21 25
21 25
21 22
21 28
21 24
21 26
21 24
