72
200
0 1
0 2
0 3
0 4
0 5
0 6
0 7
0 8
0 9
0 10
61 71
62 71
63 71
64 71
65 71
66 71
67 71
68 71
69 71
70 71
1 16
1 59
1 65
2 15
2 43
2 57
3 64
3 14
3 32
4 15
4 41
4 51
5 18
5 19
5 35
6 54
6 20
6 21
7 63
7 26
7 36
8 50
8 11
8 12
9 13
9 69
9 36
10 48
10 23
10 17
11 49
11 70
11 47
12 33
12 54
12 22
13 62
13 38
13 27
14 25
14 64
14 67
15 65
15 41
15 67
16 62
16 36
16 26
17 54
17 28
17 44
18 70
18 30
18 34
19 53
19 24
19 43
20 29
20 64
20 47
21 47
21 32
21 36
22 54
22 66
22 49
23 37
23 39
23 68
24 35
24 34
24 31
25 51
25 40
25 53
26 68
26 51
26 31
27 45
27 37
27 68
28 38
28 48
28 69
29 32
29 40
29 53
30 56
30 58
30 46
31 52
31 55
31 59
32 49
32 70
32 64
33 67
33 58
33 43
34 47
34 52
34 68
35 59
35 52
35 67
36 44
36 51
36 50
37 44
37 66
37 56
38 43
38 65
38 43
39 52
39 66
39 64
40 56
40 43
40 42
41 61
41 66
41 68
42 61
42 64
42 59
43 64
43 53
43 56
44 68
44 59
44 69
45 55
45 57
45 62
46 64
46 62
46 53
47 53
47 55
47 70
48 60
48 58
48 54
49 64
49 51
49 52
50 57
50 66
50 66
51 70
51 68
51 62
52 69
52 68
52 65
53 67
53 63
53 67
54 64
54 61
54 65
55 62
55 67
55 64
56 64
56 70
56 65
57 68
57 64
57 70
58 69
58 65
58 69
59 62
59 68
59 61
60 65
60 67
60 66
