22
104
0 1
0 2
0 3
0 4
17 21
18 21
19 21
20 21
1 16
1 6
1 15
1 17
1 20
1 8
2 13
2 14
2 13
2 9
2 16
2 8
3 10
3 15
3 19
3 13
3 13
3 7
4 13
4 5
4 14
4 18
4 18
4 9
5 17
5 12
5 15
5 20
5 11
5 20
6 13
6 14
6 13
6 15
6 14
6 20
7 11
7 19
7 18
7 11
7 15
7 17
8 10
8 12
8 12
8 13
8 17
8 20
9 19
9 17
9 16
9 20
9 15
9 13
10 17
10 19
10 20
10 15
10 18
10 14
11 18
11 15
11 19
11 14
11 13
11 13
12 17
12 15
12 15
12 14
12 17
12 13
13 19
13 19
13 17
13 18
13 19
13 17
14 17
14 17
14 17
14 20
14 20
14 19
15 17
15 20
15 18
15 20
15 18
15 19
16 18
16 19
16 17
16 20
16 20
16 18
