42
110
0 1
0 2
0 3
0 4
0 5
0 6
0 7
0 8
0 9
0 10
31 41
32 41
33 41
34 41
35 41
36 41
37 41
38 41
39 41
40 41
1 17
1 12
1 34
2 15
2 21
2 20
3 27
3 39
3 13
4 17
4 15
4 23
5 24
5 31
5 16
6 31
6 18
6 33
7 19
7 21
7 33
8 14
8 26
8 15
9 34
9 11
9 28
10 22
10 29
10 39
11 28
11 25
11 23
12 23
12 32
12 33
13 32
13 28
13 23
14 27
14 24
14 27
15 31
15 39
15 39
16 38
16 31
16 39
17 30
17 30
17 39
18 25
18 33
18 37
19 29
19 28
19 39
20 36
20 30
20 29
21 34
21 37
21 35
22 38
22 32
22 36
23 40
23 35
23 35
24 33
24 31
24 31
25 31
25 31
25 39
26 32
26 38
26 32
27 40
27 40
27 31
28 40
28 34
28 35
29 38
29 34
29 32
30 38
30 39
30 33
