58
256
0 1
0 2
0 3
0 4
0 5
0 6
0 7
0 8
49 57
50 57
51 57
52 57
53 57
54 57
55 57
56 57
1 40
1 31
1 17
1 15
1 19
2 12
2 42
2 10
2 50
2 36
3 16
3 34
3 11
3 35
3 13
4 54
4 10
4 50
4 44
4 49
5 14
5 37
5 9
5 15
5 41
6 56
6 54
6 11
6 42
6 44
7 16
7 41
7 18
7 24
7 47
8 28
8 44
8 32
8 46
8 37
9 19
9 45
9 46
9 46
9 47
10 27
10 51
10 48
10 20
10 38
11 33
11 33
11 43
11 25
11 40
12 27
12 24
12 21
12 30
12 41
13 40
13 29
13 17
13 25
13 20
14 40
14 29
14 39
14 39
14 50
15 28
15 42
15 30
15 49
15 23
16 20
16 19
16 49
16 52
16 22
17 38
17 52
17 31
17 40
17 36
18 46
18 43
18 51
18 42
18 48
19 35
19 41
19 28
19 35
19 33
20 39
20 26
20 29
20 38
20 41
21 30
21 33
21 42
21 27
21 33
22 32
22 47
22 44
22 40
22 42
23 25
23 53
23 37
23 31
23 37
24 48
24 52
24 55
24 42
24 37
25 54
25 36
25 37
25 49
25 54
26 54
26 55
26 56
26 42
26 44
27 40
27 56
27 52
27 33
27 42
28 53
28 48
28 40
28 48
28 39
29 41
29 48
29 43
29 53
29 47
30 47
30 44
30 50
30 53
30 37
31 39
31 42
31 56
31 35
31 34
32 54
32 56
32 49
32 45
32 34
33 52
33 52
33 41
33 48
33 44
34 42
34 52
34 43
34 50
34 43
35 41
35 42
35 50
35 51
35 47
36 48
36 42
36 42
36 42
36 46
37 55
37 48
37 56
37 46
37 50
38 41
38 43
38 42
38 49
38 47
39 43
39 45
39 42
39 43
39 52
40 45
40 44
40 47
40 47
40 53
41 49
41 55
41 55
41 50
41 50
42 53
42 50
42 51
42 54
42 51
43 56
43 52
43 50
43 55
43 50
44 51
44 56
44 52
44 52
44 56
45 51
45 54
45 52
45 52
45 56
46 55
46 49
46 52
46 53
46 55
47 56
47 53
47 54
47 54
47 55
48 55
48 50
48 56
48 49
48 56
