26
160
0 1
0 2
0 3
0 4
0 5
0 6
0 7
0 8
17 25
18 25
19 25
20 25
21 25
22 25
23 25
24 25
1 16
1 15
1 18
1 12
1 10
1 24
1 19
1 21
1 18
2 22
2 19
2 20
2 11
2 20
2 12
2 15
2 21
2 11
3 13
3 17
3 20
3 17
3 16
3 22
3 15
3 19
3 23
4 12
4 12
4 24
4 18
4 19
4 15
4 11
4 22
4 16
5 10
5 17
5 12
5 19
5 14
5 22
5 14
5 16
5 17
6 18
6 23
6 13
6 20
6 11
6 22
6 15
6 20
6 13
7 13
7 10
7 23
7 11
7 13
7 10
7 10
7 22
7 21
8 16
8 9
8 18
8 23
8 10
8 10
8 10
8 21
8 16
9 23
9 18
9 23
9 24
9 19
9 21
9 20
9 23
9 24
10 17
10 21
10 19
10 21
10 17
10 20
10 20
10 19
10 24
11 21
11 21
11 21
11 17
11 20
11 21
11 19
11 19
11 23
12 20
12 20
12 19
12 19
12 19
12 20
12 18
12 18
12 23
13 22
13 21
13 21
13 21
13 22
13 17
13 23
13 18
13 18
14 18
14 21
14 20
14 17
14 18
14 24
14 22
14 18
14 20
15 18
15 20
15 22
15 24
15 24
15 17
15 18
15 18
15 19
16 22
16 19
16 20
16 20
16 17
16 17
16 24
16 21
16 22
