34
92
0 1
0 2
0 3
0 4
29 33
30 33
31 33
32 33
1 19
1 8
1 28
2 32
2 11
2 6
3 17
3 13
3 25
4 9
4 5
4 7
5 20
5 13
5 31
6 11
6 10
6 10
7 15
7 12
7 16
8 14
8 24
8 30
9 27
9 29
9 13
10 22
10 31
10 31
11 26
11 29
11 18
12 21
12 24
12 17
13 23
13 17
13 21
14 23
14 25
14 17
15 21
15 20
15 21
16 28
16 31
16 23
17 29
17 21
17 26
18 28
18 30
18 21
19 30
19 28
19 26
20 26
20 30
20 24
21 32
21 31
21 28
22 26
22 32
22 32
23 30
23 30
23 32
24 26
24 28
24 32
25 30
25 32
25 31
26 30
26 31
26 29
27 32
27 31
27 29
28 30
28 31
28 30
