44
120
0 1
0 2
0 3
0 4
0 5
0 6
37 43
38 43
39 43
40 43
41 43
42 43
1 26
1 17
1 14
2 7
2 8
2 18
3 11
3 34
3 22
4 15
4 12
4 21
5 9
5 13
5 14
6 42
6 10
6 20
7 22
7 30
7 24
8 36
8 41
8 37
9 35
9 31
9 27
10 23
10 23
10 22
11 41
11 16
11 36
12 29
12 28
12 20
13 38
13 42
13 39
14 42
14 30
14 36
15 24
15 20
15 31
16 36
16 19
16 38
17 25
17 41
17 25
18 35
18 32
18 35
19 35
19 30
19 41
20 35
20 38
20 25
21 26
21 31
21 28
22 41
22 29
22 29
23 42
23 36
23 34
24 31
24 39
24 26
25 34
25 31
25 39
26 34
26 36
26 32
27 33
27 42
27 34
28 39
28 34
28 35
29 31
29 42
29 41
30 34
30 34
30 36
31 38
31 39
31 40
32 42
32 38
32 38
33 40
33 41
33 42
34 42
34 39
34 38
35 37
35 41
35 38
36 37
36 42
36 41
