51
350
0 1
0 2
0 3
0 4
0 5
0 6
0 7
43 50
44 50
45 50
46 50
47 50
48 50
49 50
1 31
1 26
1 11
1 46
1 12
1 37
1 34
1 15
2 29
2 33
2 44
2 36
2 34
2 39
2 38
2 30
3 26
3 40
3 14
3 10
3 47
3 38
3 28
3 28
4 14
4 46
4 27
4 25
4 26
4 39
4 34
4 8
5 15
5 36
5 44
5 19
5 23
5 27
5 24
5 42
6 10
6 16
6 28
6 36
6 47
6 15
6 14
6 22
7 45
7 20
7 22
7 42
7 9
7 43
7 18
7 13
8 30
8 21
8 16
8 28
8 38
8 48
8 40
8 45
9 27
9 34
9 15
9 42
9 25
9 29
9 25
9 19
10 38
10 39
10 45
10 42
10 30
10 17
10 19
10 39
11 29
11 41
11 43
11 35
11 25
11 23
11 26
11 40
12 30
12 40
12 30
12 18
12 38
12 20
12 49
12 15
13 17
13 26
13 19
13 27
13 17
13 29
13 43
13 40
14 30
14 39
14 45
14 22
14 41
14 49
14 23
14 20
15 38
15 35
15 46
15 41
15 23
15 29
15 44
15 38
16 33
16 24
16 39
16 42
16 49
16 24
16 40
16 30
17 40
17 28
17 40
17 22
17 41
17 27
17 45
17 42
18 30
18 26
18 48
18 28
18 45
18 28
18 31
18 33
19 42
19 39
19 37
19 43
19 47
19 31
19 43
19 42
20 45
20 32
20 35
20 44
20 47
20 37
20 36
20 49
21 44
21 39
21 49
21 47
21 44
21 45
21 23
21 36
22 40
22 42
22 40
22 42
22 35
22 47
22 47
22 41
23 37
23 41
23 32
23 34
23 41
23 32
23 40
23 48
24 35
24 44
24 48
24 37
24 44
24 41
24 30
24 43
25 44
25 29
25 40
25 29
25 43
25 48
25 36
25 34
26 41
26 47
26 45
26 47
26 45
26 42
26 36
26 32
27 31
27 39
27 35
27 43
27 42
27 44
27 42
27 46
28 39
28 40
28 32
28 33
28 29
28 33
28 47
28 45
29 45
29 42
29 45
29 39
29 47
29 37
29 42
29 38
30 48
30 37
30 47
30 41
30 49
30 40
30 49
30 37
31 48
31 41
31 36
31 40
31 36
31 42
31 49
31 44
32 44
32 45
32 39
32 44
32 42
32 41
32 44
32 49
33 47
33 38
33 36
33 44
33 39
33 40
33 45
33 49
34 42
34 42
34 41
34 39
34 45
34 38
34 40
34 43
35 42
35 40
35 46
35 40
35 44
35 43
35 48
35 36
36 45
36 44
36 43
36 49
36 47
36 44
36 46
36 44
37 46
37 47
37 43
37 47
37 44
37 45
37 47
37 48
38 43
38 43
38 44
38 45
38 43
38 47
38 43
38 49
39 49
39 46
39 46
39 49
39 46
39 49
39 49
39 46
40 48
40 49
40 43
40 45
40 49
40 47
40 46
40 43
41 44
41 47
41 48
41 43
41 47
41 43
41 49
41 47
42 48
42 43
42 47
42 48
42 45
42 48
42 48
42 45
