44
264
0 1
0 2
0 3
0 4
0 5
0 6
37 43
38 43
39 43
40 43
41 43
42 43
1 20
1 13
1 41
1 12
1 19
1 15
1 23
2 37
2 13
2 24
2 39
2 35
2 13
2 9
3 39
3 40
3 13
3 39
3 7
3 19
3 15
4 30
4 22
4 17
4 27
4 42
4 40
4 42
5 16
5 17
5 32
5 9
5 23
5 10
5 14
6 36
6 18
6 11
6 10
6 40
6 8
6 7
7 33
7 38
7 39
7 39
7 27
7 13
7 23
8 27
8 19
8 25
8 19
8 20
8 28
8 19
9 32
9 31
9 30
9 15
9 41
9 35
9 22
10 22
10 39
10 33
10 25
10 30
10 19
10 34
11 26
11 25
11 14
11 38
11 42
11 32
11 34
12 27
12 32
12 14
12 33
12 30
12 18
12 31
13 42
13 33
13 19
13 29
13 19
13 35
13 41
14 24
14 39
14 20
14 25
14 39
14 23
14 31
15 27
15 21
15 20
15 28
15 33
15 38
15 35
16 21
16 21
16 36
16 21
16 33
16 31
16 33
17 36
17 40
17 22
17 35
17 31
17 38
17 21
18 23
18 30
18 36
18 28
18 27
18 37
18 26
19 35
19 29
19 42
19 41
19 38
19 38
19 30
20 38
20 27
20 26
20 38
20 27
20 31
20 40
21 29
21 41
21 41
21 27
21 27
21 32
21 37
22 37
22 31
22 32
22 29
22 31
22 31
22 25
23 37
23 37
23 26
23 27
23 40
23 26
23 26
24 33
24 37
24 31
24 26
24 37
24 33
24 40
25 39
25 37
25 31
25 36
25 36
25 41
25 38
26 32
26 34
26 36
26 36
26 35
26 37
26 40
27 39
27 35
27 38
27 39
27 40
27 40
27 35
28 31
28 33
28 40
28 31
28 39
28 39
28 38
29 33
29 39
29 35
29 33
29 33
29 40
29 38
30 38
30 42
30 33
30 31
30 34
30 39
30 36
31 42
31 37
31 38
31 42
31 42
31 39
31 38
32 39
32 40
32 40
32 37
32 42
32 38
32 37
33 42
33 38
33 42
33 38
33 40
33 41
33 41
34 42
34 42
34 40
34 42
34 41
34 37
34 42
35 42
35 37
35 40
35 41
35 37
35 39
35 40
36 40
36 39
36 39
36 42
36 37
36 37
36 40
