58
160
0 1
0 2
0 3
0 4
0 5
0 6
0 7
0 8
49 57
50 57
51 57
52 57
53 57
54 57
55 57
56 57
1 32
1 50
1 39
2 49
2 15
2 49
3 11
3 15
3 16
4 43
4 53
4 10
5 27
5 43
5 14
6 13
6 21
6 12
7 17
7 9
7 10
8 21
8 48
8 42
9 56
9 56
9 26
10 19
10 20
10 30
11 22
11 43
11 24
12 29
12 51
12 54
13 37
13 45
13 20
14 44
14 31
14 48
15 30
15 18
15 51
16 35
16 22
16 23
17 30
17 46
17 56
18 31
18 43
18 31
19 48
19 34
19 39
20 50
20 28
20 26
21 31
21 25
21 52
22 54
22 53
22 38
23 35
23 25
23 42
24 54
24 37
24 48
25 54
25 42
25 49
26 40
26 36
26 38
27 38
27 33
27 36
28 37
28 48
28 46
29 52
29 39
29 47
30 42
30 40
30 50
31 35
31 47
31 42
32 54
32 36
32 39
33 51
33 47
33 55
34 52
34 44
34 51
35 43
35 41
35 44
36 44
36 56
36 55
37 41
37 54
37 56
38 44
38 50
38 47
39 49
39 53
39 45
40 47
40 54
40 53
41 56
41 56
41 51
42 50
42 53
42 54
43 56
43 55
43 52
44 54
44 50
44 56
45 49
45 53
45 56
46 52
46 56
46 56
47 51
47 56
47 53
48 50
48 52
48 54
