56
198
0 1
0 2
0 3
0 4
0 5
0 6
0 7
0 8
0 9
46 55
47 55
48 55
49 55
50 55
51 55
52 55
53 55
54 55
1 48
1 25
1 18
1 51
2 43
2 49
2 19
2 32
3 44
3 14
3 14
3 34
4 21
4 37
4 24
4 53
5 29
5 13
5 11
5 15
6 12
6 48
6 21
6 50
7 10
7 11
7 32
7 29
8 23
8 17
8 41
8 16
9 32
9 49
9 20
9 27
10 26
10 29
10 31
10 24
11 42
11 42
11 19
11 33
12 49
12 22
12 38
12 21
13 52
13 48
13 26
13 53
14 50
14 54
14 21
14 30
15 28
15 26
15 20
15 23
16 40
16 25
16 36
16 54
17 28
17 46
17 53
17 51
18 20
18 46
18 37
18 24
19 49
19 37
19 47
19 51
20 41
20 49
20 35
20 45
21 31
21 41
21 43
21 52
22 31
22 46
22 36
22 38
23 33
23 54
23 31
23 36
24 51
24 48
24 51
24 49
25 47
25 39
25 46
25 30
26 46
26 28
26 33
26 40
27 53
27 42
27 36
27 28
28 52
28 51
28 46
28 44
29 46
29 43
29 50
29 40
30 41
30 50
30 39
30 46
31 47
31 42
31 53
31 52
32 42
32 40
32 46
32 52
33 42
33 53
33 44
33 51
34 42
34 38
34 53
34 50
35 52
35 41
35 41
35 47
36 37
36 50
36 37
36 46
37 48
37 50
37 47
37 52
38 52
38 47
38 51
38 53
39 52
39 49
39 48
39 47
40 52
40 47
40 53
40 47
41 54
41 49
41 50
41 49
42 51
42 48
42 53
42 46
43 53
43 48
43 48
43 51
44 51
44 46
44 52
44 51
45 48
45 51
45 46
45 53
