30
248
0 1
0 2
0 3
0 4
25 29
26 29
27 29
28 29
1 19
1 17
1 16
1 20
1 15
1 13
1 9
1 27
1 28
1 15
2 26
2 6
2 18
2 23
2 27
2 22
2 5
2 13
2 9
2 23
3 23
3 22
3 25
3 21
3 23
3 7
3 25
3 26
3 11
3 13
4 5
4 17
4 25
4 16
4 8
4 27
4 25
4 28
4 26
4 16
5 10
5 19
5 22
5 23
5 9
5 12
5 28
5 10
5 28
5 25
6 28
6 22
6 22
6 17
6 19
6 24
6 15
6 15
6 13
6 9
7 19
7 13
7 25
7 11
7 25
7 16
7 14
7 25
7 28
7 27
8 16
8 21
8 17
8 21
8 28
8 18
8 25
8 19
8 11
8 16
9 27
9 18
9 14
9 25
9 22
9 20
9 16
9 20
9 22
9 13
10 16
10 16
10 17
10 16
10 22
10 17
10 20
10 27
10 13
10 15
11 13
11 21
11 19
11 18
11 17
11 14
11 27
11 17
11 25
11 17
12 21
12 23
12 22
12 22
12 19
12 16
12 13
12 23
12 23
12 22
13 19
13 19
13 17
13 19
13 22
13 26
13 20
13 21
13 17
13 24
14 19
14 21
14 28
14 22
14 26
14 25
14 23
14 24
14 21
14 27
15 28
15 21
15 18
15 18
15 22
15 24
15 25
15 18
15 18
15 19
16 23
16 20
16 21
16 27
16 27
16 19
16 25
16 18
16 23
16 17
17 21
17 26
17 21
17 25
17 27
17 23
17 25
17 21
17 22
17 21
18 28
18 26
18 26
18 21
18 23
18 23
18 28
18 23
18 21
18 22
19 25
19 27
19 25
19 26
19 22
19 27
19 28
19 22
19 24
19 22
20 26
20 25
20 27
20 26
20 21
20 25
20 28
20 25
20 26
20 22
21 25
21 25
21 27
21 26
21 25
21 25
21 25
21 28
21 27
21 25
22 25
22 27
22 27
22 26
22 28
22 28
22 28
22 27
22 25
22 28
23 25
23 26
23 28
23 27
23 28
23 28
23 28
23 27
23 28
23 25
24 28
24 28
24 25
24 26
24 26
24 25
24 26
24 26
24 28
24 28
