26
111
0 1
0 2
0 3
22 25
23 25
24 25
1 5
1 4
1 12
1 12
1 15
2 8
2 11
2 12
2 11
2 7
3 20
3 15
3 9
3 18
3 6
4 23
4 24
4 23
4 14
4 15
5 7
5 13
5 19
5 20
5 19
6 17
6 14
6 23
6 24
6 9
7 21
7 14
7 22
7 10
7 11
8 16
8 21
8 13
8 22
8 22
9 16
9 17
9 21
9 15
9 23
10 24
10 17
10 22
10 14
10 13
11 13
11 20
11 17
11 19
11 15
12 15
12 17
12 20
12 19
12 16
13 24
13 17
13 21
13 19
13 21
14 23
14 22
14 17
14 17
14 20
15 23
15 20
15 16
15 20
15 22
16 21
16 23
16 24
16 24
16 19
17 22
17 24
17 20
17 24
17 22
18 21
18 20
18 24
18 20
18 24
19 23
19 23
19 22
19 22
19 23
20 24
20 22
20 22
20 23
20 23
21 23
21 22
21 23
21 22
21 23
