30
224
0 1
0 2
0 3
0 4
25 29
26 29
27 29
28 29
1 17
1 10
1 7
1 24
1 8
1 20
1 18
1 7
1 6
2 7
2 25
2 23
2 25
2 23
2 24
2 25
2 6
2 13
3 6
3 25
3 5
3 11
3 23
3 23
3 16
3 10
3 10
4 25
4 26
4 13
4 16
4 14
4 10
4 10
4 25
4 13
5 18
5 14
5 24
5 11
5 20
5 24
5 18
5 28
5 10
6 25
6 21
6 20
6 9
6 14
6 12
6 21
6 20
6 18
7 16
7 15
7 27
7 21
7 19
7 25
7 13
7 22
7 22
8 15
8 28
8 19
8 23
8 17
8 24
8 10
8 11
8 28
9 18
9 20
9 27
9 19
9 16
9 23
9 14
9 28
9 21
10 14
10 25
10 24
10 23
10 24
10 23
10 22
10 28
10 17
11 18
11 25
11 23
11 23
11 27
11 26
11 17
11 21
11 26
12 13
12 19
12 24
12 28
12 24
12 16
12 26
12 14
12 19
13 21
13 28
13 27
13 21
13 21
13 23
13 24
13 27
13 22
14 26
14 24
14 25
14 27
14 17
14 25
14 25
14 24
14 19
15 18
15 28
15 20
15 27
15 28
15 26
15 26
15 19
15 17
16 17
16 25
16 22
16 20
16 17
16 25
16 22
16 25
16 21
17 24
17 24
17 28
17 21
17 22
17 27
17 25
17 24
17 24
18 26
18 28
18 23
18 24
18 21
18 26
18 23
18 27
18 22
19 28
19 28
19 24
19 28
19 25
19 24
19 22
19 28
19 24
20 26
20 21
20 24
20 27
20 24
20 28
20 26
20 24
20 21
21 28
21 28
21 28
21 27
21 25
21 27
21 25
21 25
21 27
22 27
22 27
22 25
22 28
22 27
22 28
22 27
22 26
22 28
23 27
23 27
23 27
23 26
23 25
23 27
23 26
23 27
23 26
24 25
24 28
24 25
24 25
24 27
24 25
24 28
24 26
24 25
