29
144
0 1
0 2
0 3
0 4
0 5
0 6
0 7
0 8
0 9
19 28
20 28
21 28
22 28
23 28
24 28
25 28
26 28
27 28
1 11
1 26
1 19
1 17
1 15
1 17
1 20
2 22
2 25
2 11
2 24
2 23
2 24
2 17
3 15
3 14
3 16
3 10
3 26
3 20
3 27
4 18
4 25
4 25
4 18
4 18
4 18
4 23
5 11
5 11
5 15
5 10
5 10
5 22
5 15
6 13
6 11
6 26
6 23
6 26
6 25
6 19
7 19
7 21
7 24
7 23
7 24
7 12
7 21
8 22
8 21
8 20
8 11
8 18
8 18
8 19
9 24
9 24
9 14
9 23
9 25
9 19
9 24
10 25
10 21
10 27
10 26
10 22
10 23
10 21
11 19
11 19
11 19
11 19
11 21
11 25
11 21
12 24
12 25
12 24
12 26
12 25
12 25
12 27
13 24
13 22
13 25
13 21
13 27
13 20
13 25
14 25
14 27
14 19
14 20
14 20
14 26
14 19
15 22
15 21
15 19
15 20
15 21
15 20
15 27
16 22
16 24
16 21
16 25
16 19
16 26
16 21
17 26
17 21
17 27
17 20
17 25
17 24
17 20
18 24
18 23
18 25
18 19
18 23
18 25
18 21
