30
104
0 1
0 2
0 3
0 4
25 29
26 29
27 29
28 29
1 8
1 28
1 22
1 5
2 13
2 15
2 19
2 9
3 7
3 18
3 6
3 27
4 17
4 16
4 18
4 12
5 21
5 28
5 22
5 28
6 23
6 11
6 10
6 23
7 9
7 28
7 9
7 24
8 18
8 23
8 15
8 13
9 19
9 20
9 14
9 19
10 23
10 28
10 15
10 17
11 18
11 16
11 15
11 14
12 20
12 21
12 13
12 24
13 24
13 27
13 27
13 18
14 21
14 28
14 20
14 21
15 19
15 24
15 20
15 24
16 19
16 18
16 21
16 21
17 21
17 26
17 23
17 23
18 25
18 26
18 27
18 22
19 21
19 22
19 23
19 28
20 22
20 24
20 24
20 25
21 26
21 26
21 26
21 26
22 26
22 25
22 26
22 28
23 25
23 25
23 28
23 27
24 26
24 28
24 27
24 26
