20
141
0 1
0 2
0 3
16 19
17 19
18 19
1 9
1 5
1 12
1 18
1 18
1 17
1 10
1 6
1 18
2 7
2 18
2 4
2 7
2 17
2 9
2 14
2 13
2 10
3 12
3 12
3 14
3 15
3 10
3 5
3 9
3 18
3 17
4 15
4 15
4 8
4 9
4 8
4 11
4 9
4 11
4 7
5 17
5 18
5 15
5 10
5 10
5 18
5 8
5 10
5 11
6 11
6 18
6 12
6 11
6 18
6 18
6 13
6 8
6 9
7 17
7 18
7 11
7 13
7 17
7 15
7 12
7 13
7 16
8 16
8 10
8 12
8 11
8 17
8 17
8 18
8 12
8 15
9 17
9 17
9 14
9 13
9 10
9 16
9 10
9 12
9 10
10 15
10 16
10 13
10 18
10 15
10 18
10 17
10 18
10 17
11 13
11 18
11 18
11 15
11 17
11 16
11 15
11 13
11 15
12 14
12 16
12 16
12 17
12 15
12 18
12 15
12 13
12 18
13 16
13 17
13 18
13 17
13 17
13 18
13 17
13 16
13 17
14 17
14 16
14 17
14 18
14 16
14 18
14 17
14 16
14 16
15 18
15 18
15 17
15 16
15 18
15 18
15 16
15 16
15 18
