34
120
0 1
0 2
0 3
0 4
29 33
30 33
31 33
32 33
1 14
1 8
1 9
1 19
2 11
2 6
2 16
2 31
3 5
3 24
3 19
3 16
4 7
4 9
4 26
4 14
5 23
5 10
5 12
5 22
6 26
6 11
6 32
6 9
7 20
7 14
7 10
7 31
8 29
8 19
8 20
8 22
9 15
9 16
9 28
9 17
10 17
10 27
10 24
10 30
11 31
11 18
11 21
11 13
12 27
12 18
12 18
12 17
13 20
13 29
13 22
13 29
14 24
14 29
14 22
14 19
15 18
15 23
15 17
15 22
16 26
16 28
16 19
16 24
17 31
17 31
17 32
17 24
18 29
18 23
18 29
18 23
19 25
19 21
19 23
19 31
20 26
20 29
20 27
20 29
21 25
21 28
21 26
21 32
22 32
22 31
22 26
22 25
23 29
23 26
23 30
23 30
24 29
24 32
24 29
24 28
25 30
25 29
25 31
25 31
26 31
26 31
26 29
26 31
27 31
27 32
27 29
27 32
28 32
28 31
28 29
28 32
