22
152
0 1
0 2
0 3
0 4
17 21
18 21
19 21
20 21
1 20
1 8
1 19
1 13
1 17
1 16
1 9
1 10
1 9
2 8
2 15
2 10
2 19
2 16
2 14
2 8
2 16
2 5
3 9
3 9
3 6
3 19
3 14
3 17
3 15
3 9
3 17
4 7
4 16
4 5
4 20
4 16
4 8
4 18
4 8
4 5
5 13
5 20
5 14
5 13
5 20
5 20
5 15
5 10
5 11
6 16
6 14
6 10
6 12
6 10
6 11
6 17
6 12
6 12
7 9
7 18
7 17
7 13
7 16
7 16
7 14
7 11
7 11
8 13
8 13
8 19
8 9
8 9
8 18
8 18
8 14
8 9
9 17
9 20
9 19
9 20
9 15
9 16
9 17
9 18
9 17
10 19
10 14
10 16
10 15
10 15
10 18
10 15
10 19
10 13
11 18
11 16
11 16
11 17
11 17
11 16
11 19
11 17
11 16
12 20
12 15
12 13
12 17
12 19
12 20
12 15
12 18
12 14
13 18
13 19
13 19
13 18
13 17
13 17
13 17
13 19
13 19
14 18
14 17
14 17
14 19
14 19
14 17
14 18
14 19
14 17
15 17
15 17
15 17
15 20
15 20
15 19
15 17
15 20
15 18
16 20
16 18
16 19
16 18
16 19
16 17
16 20
16 20
16 18
