38
99
0 1
0 2
0 3
0 4
0 5
0 6
0 7
0 8
0 9
28 37
29 37
30 37
31 37
32 37
33 37
34 37
35 37
36 37
1 33
1 14
1 17
2 26
2 11
2 12
3 10
3 25
3 20
4 14
4 15
4 13
5 10
5 23
5 28
6 11
6 15
6 35
7 16
7 14
7 18
8 32
8 24
8 15
9 33
9 17
9 21
10 23
10 35
10 30
11 34
11 20
11 32
12 32
12 19
12 22
13 23
13 35
13 19
14 33
14 28
14 31
15 25
15 28
15 35
16 34
16 27
16 31
17 24
17 33
17 27
18 30
18 26
18 32
19 33
19 32
19 28
20 35
20 34
20 36
21 36
21 29
21 35
22 31
22 33
22 35
23 33
23 36
23 31
24 33
24 30
24 31
25 35
25 28
25 29
26 33
26 32
26 28
27 28
27 35
27 32
