82
440
0 1
0 2
0 3
0 4
0 5
0 6
0 7
0 8
0 9
0 10
71 81
72 81
73 81
74 81
75 81
76 81
77 81
78 81
79 81
80 81
1 43
1 43
1 56
1 15
1 17
1 65
2 20
2 61
2 36
2 12
2 79
2 57
3 59
3 33
3 37
3 73
3 72
3 69
4 57
4 53
4 13
4 34
4 66
4 30
5 71
5 79
5 11
5 12
5 36
5 58
6 19
6 80
6 21
6 64
6 14
6 39
7 60
7 23
7 19
7 16
7 37
7 17
8 74
8 27
8 51
8 42
8 19
8 43
9 42
9 77
9 15
9 57
9 31
9 12
10 76
10 21
10 23
10 18
10 22
10 48
11 28
11 32
11 79
11 40
11 65
11 32
12 58
12 57
12 34
12 49
12 34
12 72
13 37
13 67
13 58
13 38
13 71
13 37
14 70
14 52
14 65
14 26
14 68
14 35
15 27
15 46
15 27
15 29
15 43
15 58
16 78
16 50
16 69
16 76
16 61
16 46
17 79
17 39
17 74
17 33
17 67
17 27
18 24
18 23
18 73
18 54
18 40
18 55
19 62
19 21
19 27
19 46
19 78
19 66
20 61
20 25
20 31
20 67
20 25
20 46
21 37
21 65
21 77
21 57
21 62
21 58
22 74
22 71
22 58
22 67
22 45
22 64
23 53
23 40
23 58
23 68
23 43
23 60
24 52
24 64
24 80
24 60
24 70
24 80
25 38
25 62
25 46
25 38
25 50
25 70
26 75
26 56
26 56
26 72
26 35
26 40
27 51
27 78
27 80
27 78
27 65
27 46
28 63
28 39
28 55
28 40
28 76
28 70
29 69
29 50
29 55
29 71
29 31
29 46
30 72
30 38
30 77
30 37
30 48
30 49
31 66
31 72
31 74
31 64
31 65
31 68
32 63
32 45
32 68
32 74
32 62
32 62
33 41
33 66
33 80
33 67
33 56
33 68
34 66
34 66
34 47
34 63
34 78
34 47
35 78
35 69
35 75
35 57
35 55
35 64
36 57
36 73
36 55
36 50
36 48
36 80
37 70
37 62
37 76
37 57
37 55
37 50
38 70
38 55
38 75
38 61
38 73
38 42
39 48
39 59
39 68
39 54
39 73
39 57
40 53
40 62
40 78
40 79
40 70
40 44
41 52
41 66
41 66
41 78
41 58
41 65
42 67
42 79
42 66
42 65
42 57
42 72
43 74
43 76
43 78
43 80
43 66
43 51
44 52
44 54
44 51
44 51
44 79
44 73
45 79
45 71
45 54
45 76
45 61
45 66
46 70
46 62
46 51
46 77
46 60
46 58
47 62
47 68
47 56
47 69
47 74
47 62
48 61
48 59
48 79
48 58
48 59
48 65
49 58
49 52
49 60
49 80
49 52
49 80
50 72
50 72
50 63
50 68
50 68
50 73
51 63
51 77
51 65
51 73
51 75
51 66
52 63
52 76
52 73
52 80
52 65
52 67
53 62
53 67
53 67
53 80
53 64
53 65
54 76
54 74
54 66
54 77
54 73
54 69
55 77
55 67
55 71
55 79
55 64
55 80
56 61
56 78
56 68
56 77
56 70
56 62
57 74
57 64
57 78
57 67
57 64
57 74
58 65
58 77
58 80
58 71
58 68
58 75
59 68
59 76
59 68
59 65
59 72
59 73
60 66
60 80
60 79
60 76
60 78
60 62
61 77
61 71
61 79
61 74
61 79
61 80
62 75
62 73
62 76
62 74
62 71
62 79
63 77
63 77
63 77
63 78
63 79
63 74
64 73
64 76
64 79
64 80
64 71
64 73
65 74
65 76
65 72
65 72
65 73
65 72
66 73
66 79
66 72
66 73
66 74
66 72
67 75
67 78
67 76
67 80
67 72
67 76
68 80
68 78
68 72
68 76
68 76
68 71
69 79
69 80
69 78
69 80
69 71
69 80
70 72
70 75
70 77
70 73
70 76
70 71
