50
390
0 1
0 2
0 3
0 4
0 5
0 6
43 49
44 49
45 49
46 49
47 49
48 49
1 28
1 47
1 46
1 14
1 41
1 33
1 41
1 36
1 23
2 17
2 31
2 16
2 30
2 31
2 35
2 8
2 17
2 19
3 13
3 7
3 12
3 9
3 39
3 31
3 7
3 15
3 47
4 33
4 44
4 27
4 15
4 21
4 26
4 10
4 28
4 16
5 34
5 19
5 45
5 9
5 27
5 25
5 18
5 8
5 48
6 44
6 7
6 16
6 14
6 11
6 17
6 19
6 12
6 7
7 29
7 30
7 19
7 28
7 44
7 26
7 46
7 26
7 22
8 33
8 41
8 42
8 37
8 39
8 22
8 43
8 47
8 18
9 18
9 26
9 47
9 41
9 39
9 39
9 38
9 39
9 20
10 40
10 37
10 13
10 14
10 18
10 46
10 20
10 13
10 42
11 13
11 46
11 35
11 39
11 31
11 28
11 48
11 35
11 18
12 21
12 45
12 32
12 42
12 14
12 25
12 40
12 42
12 15
13 22
13 24
13 21
13 35
13 33
13 28
13 39
13 33
13 33
14 31
14 28
14 33
14 40
14 45
14 22
14 20
14 39
14 46
15 27
15 26
15 36
15 36
15 20
15 39
15 47
15 23
15 46
16 23
16 32
16 44
16 48
16 35
16 19
16 20
16 44
16 25
17 21
17 26
17 39
17 35
17 30
17 41
17 41
17 43
17 37
18 45
18 37
18 19
18 34
18 45
18 48
18 22
18 25
18 19
19 34
19 41
19 27
19 43
19 46
19 28
19 42
19 45
19 30
20 40
20 44
20 41
20 41
20 41
20 25
20 25
20 43
20 46
21 45
21 48
21 47
21 25
21 36
21 29
21 43
21 25
21 47
22 30
22 26
22 47
22 34
22 35
22 40
22 36
22 46
22 37
23 31
23 39
23 25
23 29
23 31
23 36
23 45
23 39
23 28
24 37
24 31
24 39
24 35
24 28
24 38
24 25
24 28
24 41
25 35
25 39
25 41
25 33
25 32
25 43
25 36
25 40
25 41
26 39
26 45
26 48
26 43
26 32
26 39
26 35
26 42
26 31
27 46
27 42
27 39
27 48
27 43
27 45
27 48
27 45
27 48
28 43
28 45
28 38
28 33
28 47
28 46
28 41
28 47
28 45
29 33
29 34
29 36
29 42
29 40
29 31
29 41
29 32
29 32
30 31
30 36
30 41
30 31
30 32
30 34
30 37
30 47
30 44
31 40
31 46
31 44
31 45
31 44
31 38
31 46
31 38
31 48
32 41
32 48
32 45
32 44
32 45
32 42
32 43
32 42
32 44
33 47
33 40
33 45
33 42
33 39
33 43
33 44
33 43
33 44
34 46
34 44
34 40
34 47
34 47
34 37
34 47
34 47
34 48
35 48
35 37
35 37
35 40
35 41
35 48
35 48
35 40
35 48
36 45
36 47
36 41
36 40
36 45
36 45
36 41
36 43
36 39
37 47
37 48
37 45
37 46
37 45
37 46
37 43
37 48
37 48
38 43
38 46
38 47
38 48
38 43
38 47
38 48
38 46
38 43
39 45
39 45
39 47
39 45
39 48
39 43
39 47
39 43
39 43
40 47
40 47
40 47
40 43
40 43
40 47
40 46
40 46
40 47
41 47
41 46
41 46
41 47
41 44
41 47
41 45
41 47
41 48
42 47
42 44
42 43
42 45
42 47
42 46
42 43
42 47
42 43
