62
170
0 1
0 2
0 3
0 4
0 5
0 6
0 7
0 8
0 9
0 10
51 61
52 61
53 61
54 61
55 61
56 61
57 61
58 61
59 61
60 61
1 11
1 55
1 20
2 24
2 41
2 13
3 33
3 19
3 34
4 38
4 12
4 20
5 36
5 15
5 16
6 17
6 29
6 15
7 59
7 41
7 50
8 55
8 35
8 22
9 32
9 36
9 14
10 28
10 29
10 18
11 28
11 60
11 42
12 49
12 25
12 23
13 21
13 27
13 33
14 26
14 56
14 54
15 26
15 31
15 30
16 43
16 38
16 40
17 49
17 56
17 30
18 48
18 21
18 45
19 21
19 52
19 32
20 34
20 51
20 40
21 42
21 50
21 39
22 45
22 60
22 43
23 47
23 32
23 31
24 39
24 47
24 56
25 55
25 34
25 59
26 56
26 56
26 56
27 56
27 44
27 53
28 37
28 33
28 35
29 41
29 53
29 38
30 42
30 39
30 50
31 52
31 52
31 41
32 42
32 46
32 50
33 57
33 43
33 51
34 57
34 43
34 50
35 53
35 57
35 53
36 43
36 53
36 51
37 50
37 60
37 56
38 52
38 56
38 49
39 59
39 57
39 53
40 48
40 60
40 51
41 58
41 53
41 52
42 58
42 55
42 58
43 60
43 53
43 60
44 52
44 59
44 54
45 51
45 53
45 51
46 56
46 55
46 55
47 56
47 54
47 54
48 53
48 58
48 59
49 51
49 58
49 57
50 54
50 55
50 57
