74
585
0 1
0 2
0 3
0 4
0 5
0 6
0 7
0 8
0 9
64 73
65 73
66 73
67 73
68 73
69 73
70 73
71 73
72 73
1 67
1 62
1 21
1 32
1 16
1 18
1 15
1 56
1 30
2 23
2 57
2 21
2 20
2 37
2 63
2 47
2 56
2 32
3 49
3 28
3 61
3 14
3 10
3 33
3 54
3 60
3 16
4 44
4 56
4 29
4 58
4 48
4 16
4 69
4 68
4 20
5 12
5 10
5 66
5 32
5 21
5 49
5 43
5 31
5 13
6 32
6 66
6 60
6 52
6 43
6 13
6 41
6 45
6 11
7 62
7 26
7 61
7 68
7 60
7 42
7 22
7 45
7 17
8 28
8 39
8 12
8 38
8 41
8 10
8 32
8 63
8 22
9 71
9 31
9 41
9 11
9 53
9 33
9 59
9 31
9 66
10 33
10 71
10 20
10 52
10 58
10 63
10 50
10 51
10 21
11 55
11 54
11 38
11 70
11 52
11 38
11 36
11 35
11 60
12 35
12 19
12 57
12 45
12 42
12 67
12 47
12 69
12 46
13 52
13 37
13 67
13 36
13 52
13 27
13 53
13 47
13 66
14 43
14 24
14 44
14 61
14 23
14 41
14 26
14 20
14 20
15 61
15 53
15 36
15 48
15 31
15 53
15 48
15 57
15 22
16 59
16 32
16 72
16 32
16 65
16 53
16 42
16 45
16 48
17 50
17 25
17 22
17 43
17 66
17 44
17 30
17 54
17 48
18 52
18 24
18 65
18 69
18 66
18 61
18 48
18 58
18 20
19 64
19 40
19 29
19 57
19 62
19 40
19 38
19 66
19 31
20 34
20 71
20 48
20 45
20 28
20 43
20 38
20 61
20 45
21 45
21 70
21 70
21 47
21 38
21 66
21 46
21 34
21 57
22 32
22 55
22 60
22 60
22 46
22 28
22 69
22 37
22 62
23 36
23 48
23 63
23 39
23 61
23 68
23 66
23 34
23 69
24 37
24 44
24 64
24 61
24 68
24 69
24 65
24 42
24 34
25 65
25 67
25 41
25 50
25 71
25 30
25 44
25 66
25 55
26 44
26 62
26 65
26 41
26 32
26 47
26 38
26 44
26 35
27 33
27 44
27 48
27 36
27 53
27 71
27 28
27 49
27 66
28 51
28 41
28 69
28 64
28 59
28 54
28 39
28 45
28 69
29 41
29 52
29 62
29 58
29 58
29 49
29 68
29 42
29 44
30 58
30 70
30 49
30 56
30 64
30 39
30 41
30 55
30 62
31 48
31 53
31 54
31 51
31 47
31 39
31 47
31 38
31 61
32 45
32 41
32 49
32 41
32 45
32 64
32 46
32 46
32 65
33 38
33 41
33 70
33 45
33 62
33 67
33 38
33 62
33 59
34 40
34 46
34 57
34 45
34 37
34 37
34 63
34 51
34 47
35 45
35 42
35 48
35 69
35 66
35 68
35 45
35 50
35 57
36 52
36 39
36 66
36 45
36 40
36 51
36 42
36 64
36 40
37 53
37 47
37 72
37 64
37 66
37 63
37 66
37 66
37 46
38 64
38 63
38 58
38 65
38 62
38 61
38 65
38 56
38 72
39 59
39 71
39 56
39 61
39 59
39 67
39 72
39 56
39 70
40 68
40 51
40 71
40 52
40 58
40 61
40 51
40 49
40 55
41 58
41 69
41 48
41 47
41 60
41 54
41 59
41 68
41 59
42 48
42 49
42 69
42 63
42 62
42 56
42 63
42 66
42 69
43 57
43 66
43 69
43 71
43 50
43 47
43 58
43 56
43 59
44 46
44 51
44 51
44 55
44 52
44 47
44 46
44 53
44 50
45 54
45 55
45 61
45 67
45 57
45 53
45 52
45 64
45 59
46 71
46 70
46 70
46 57
46 63
46 63
46 62
46 59
46 57
47 70
47 71
47 58
47 63
47 70
47 70
47 59
47 70
47 58
48 60
48 69
48 72
48 62
48 57
48 55
48 57
48 70
48 55
49 64
49 56
49 62
49 59
49 71
49 59
49 57
49 55
49 66
50 63
50 60
50 70
50 65
50 55
50 69
50 67
50 63
50 64
51 62
51 67
51 61
51 64
51 70
51 55
51 63
51 59
51 58
52 61
52 59
52 71
52 62
52 68
52 72
52 69
52 71
52 70
53 72
53 71
53 68
53 65
53 59
53 71
53 62
53 68
53 71
54 56
54 62
54 61
54 65
54 69
54 71
54 70
54 60
54 68
55 70
55 67
55 70
55 64
55 64
55 65
55 71
55 71
55 68
56 69
56 66
56 64
56 64
56 65
56 71
56 69
56 64
56 64
57 65
57 71
57 68
57 64
57 64
57 66
57 68
57 72
57 70
58 65
58 69
58 64
58 69
58 67
58 67
58 65
58 67
58 66
59 64
59 64
59 71
59 66
59 69
59 71
59 66
59 69
59 72
60 71
60 72
60 72
60 72
60 65
60 69
60 67
60 72
60 67
61 68
61 65
61 66
61 65
61 66
61 72
61 65
61 70
61 64
62 67
62 71
62 67
62 69
62 69
62 65
62 65
62 72
62 70
63 64
63 72
63 65
63 70
63 71
63 71
63 68
63 70
63 72
