26
128
0 1
0 2
0 3
0 4
21 25
22 25
23 25
24 25
1 7
1 13
1 24
1 8
1 11
1 13
2 5
2 7
2 16
2 15
2 10
2 6
3 6
3 15
3 23
3 10
3 5
3 21
4 9
4 11
4 7
4 10
4 13
4 21
5 19
5 19
5 21
5 14
5 23
5 17
6 17
6 13
6 21
6 20
6 12
6 23
7 21
7 16
7 22
7 20
7 18
7 11
8 14
8 15
8 13
8 12
8 24
8 22
9 24
9 17
9 16
9 22
9 14
9 13
10 15
10 20
10 15
10 15
10 21
10 13
11 23
11 21
11 13
11 19
11 13
11 20
12 22
12 13
12 20
12 19
12 24
12 21
13 21
13 21
13 20
13 18
13 17
13 19
14 23
14 20
14 23
14 22
14 18
14 21
15 18
15 24
15 20
15 24
15 18
15 17
16 20
16 20
16 21
16 20
16 18
16 21
17 24
17 23
17 21
17 23
17 21
17 21
18 23
18 22
18 21
18 22
18 23
18 21
19 21
19 21
19 21
19 23
19 22
19 22
20 23
20 24
20 21
20 23
20 23
20 22
