42
200
0 1
0 2
0 3
0 4
0 5
0 6
0 7
0 8
0 9
0 10
31 41
32 41
33 41
34 41
35 41
36 41
37 41
38 41
39 41
40 41
1 18
1 18
1 13
1 27
1 35
1 36
2 13
2 31
2 23
2 20
2 31
2 30
3 20
3 25
3 16
3 22
3 31
3 14
4 38
4 39
4 39
4 27
4 21
4 15
5 37
5 38
5 17
5 21
5 30
5 28
6 26
6 30
6 28
6 29
6 16
6 14
7 24
7 19
7 34
7 28
7 20
7 24
8 18
8 29
8 38
8 15
8 32
8 20
9 11
9 30
9 19
9 39
9 16
9 29
10 35
10 34
10 18
10 12
10 14
10 29
11 31
11 40
11 38
11 40
11 30
11 24
12 23
12 35
12 34
12 28
12 32
12 23
13 23
13 31
13 33
13 32
13 38
13 36
14 22
14 38
14 35
14 32
14 28
14 32
15 32
15 22
15 38
15 21
15 35
15 31
16 39
16 26
16 22
16 37
16 37
16 23
17 32
17 40
17 37
17 25
17 39
17 21
18 39
18 22
18 31
18 23
18 33
18 40
19 38
19 26
19 37
19 25
19 37
19 24
20 28
20 40
20 38
20 25
20 40
20 32
21 38
21 31
21 37
21 31
21 39
21 36
22 34
22 40
22 35
22 32
22 36
22 35
23 32
23 36
23 36
23 35
23 40
23 39
24 34
24 39
24 36
24 33
24 33
24 33
25 38
25 31
25 34
25 35
25 37
25 34
26 37
26 34
26 34
26 35
26 35
26 34
27 40
27 38
27 33
27 36
27 39
27 40
28 31
28 33
28 35
28 38
28 37
28 36
29 38
29 32
29 34
29 34
29 34
29 39
30 36
30 32
30 31
30 39
30 38
30 37
