26
108
0 1
0 2
0 3
0 4
21 25
22 25
23 25
24 25
1 6
1 7
1 5
1 22
1 8
2 6
2 6
2 14
2 15
2 10
3 21
3 12
3 22
3 19
3 15
4 11
4 9
4 22
4 19
4 13
5 22
5 15
5 17
5 19
5 21
6 19
6 15
6 11
6 13
6 17
7 19
7 18
7 11
7 11
7 16
8 19
8 20
8 17
8 24
8 10
9 14
9 20
9 21
9 23
9 19
10 20
10 21
10 15
10 13
10 16
11 15
11 14
11 22
11 15
11 24
12 18
12 21
12 22
12 16
12 17
13 19
13 23
13 19
13 21
13 17
14 18
14 23
14 21
14 18
14 22
15 22
15 20
15 18
15 23
15 18
16 24
16 18
16 19
16 18
16 22
17 22
17 24
17 24
17 23
17 22
18 23
18 24
18 22
18 21
18 24
19 23
19 23
19 22
19 21
19 23
20 22
20 22
20 22
20 22
20 23
