62
470
0 1
0 2
0 3
0 4
0 5
0 6
0 7
0 8
0 9
0 10
51 61
52 61
53 61
54 61
55 61
56 61
57 61
58 61
59 61
60 61
1 44
1 47
1 38
1 26
1 54
1 46
1 47
1 53
1 60
2 32
2 23
2 38
2 51
2 20
2 24
2 37
2 51
2 37
3 33
3 47
3 22
3 29
3 28
3 40
3 43
3 41
3 23
4 34
4 28
4 46
4 40
4 13
4 33
4 19
4 30
4 28
5 54
5 17
5 22
5 53
5 40
5 34
5 32
5 30
5 45
6 48
6 59
6 35
6 26
6 31
6 24
6 37
6 52
6 41
7 17
7 34
7 23
7 31
7 57
7 42
7 16
7 36
7 45
8 38
8 47
8 16
8 57
8 40
8 24
8 18
8 35
8 56
9 43
9 56
9 25
9 28
9 45
9 25
9 54
9 11
9 48
10 19
10 37
10 39
10 49
10 45
10 14
10 12
10 15
10 60
11 33
11 41
11 57
11 29
11 40
11 33
11 47
11 47
11 35
12 40
12 56
12 31
12 55
12 39
12 48
12 22
12 38
12 43
13 58
13 33
13 33
13 57
13 42
13 21
13 27
13 22
13 46
14 30
14 25
14 40
14 21
14 30
14 52
14 58
14 38
14 32
15 22
15 56
15 50
15 28
15 28
15 37
15 38
15 54
15 47
16 26
16 47
16 24
16 40
16 45
16 29
16 52
16 33
16 50
17 44
17 40
17 51
17 29
17 49
17 56
17 41
17 50
17 57
18 24
18 39
18 26
18 27
18 32
18 22
18 56
18 40
18 29
19 25
19 49
19 22
19 51
19 54
19 41
19 55
19 25
19 25
20 55
20 48
20 37
20 44
20 32
20 48
20 26
20 40
20 37
21 53
21 42
21 48
21 59
21 36
21 48
21 55
21 32
21 39
22 56
22 60
22 38
22 46
22 44
22 39
22 39
22 34
22 52
23 49
23 40
23 57
23 35
23 44
23 44
23 54
23 39
23 57
24 41
24 35
24 59
24 49
24 49
24 40
24 58
24 48
24 37
25 45
25 34
25 31
25 54
25 51
25 60
25 53
25 36
25 35
26 31
26 36
26 60
26 45
26 47
26 40
26 33
26 43
26 45
27 38
27 58
27 46
27 35
27 39
27 42
27 33
27 49
27 60
28 34
28 47
28 39
28 41
28 53
28 42
28 41
28 46
28 32
29 32
29 31
29 59
29 36
29 31
29 57
29 35
29 37
29 43
30 36
30 39
30 47
30 43
30 39
30 45
30 58
30 43
30 45
31 41
31 57
31 53
31 60
31 60
31 51
31 49
31 52
31 54
32 52
32 42
32 51
32 54
32 55
32 41
32 44
32 60
32 42
33 60
33 57
33 60
33 54
33 54
33 49
33 51
33 56
33 47
34 47
34 45
34 41
34 51
34 45
34 57
34 43
34 57
34 48
35 46
35 57
35 60
35 59
35 48
35 53
35 49
35 53
35 60
36 50
36 57
36 51
36 43
36 48
36 47
36 42
36 54
36 53
37 42
37 56
37 60
37 60
37 42
37 45
37 60
37 52
37 41
38 48
38 46
38 49
38 48
38 51
38 45
38 59
38 41
38 45
39 43
39 50
39 57
39 42
39 51
39 45
39 53
39 53
39 53
40 51
40 46
40 46
40 43
40 60
40 41
40 43
40 59
40 54
41 59
41 51
41 55
41 51
41 60
41 52
41 60
41 57
41 53
42 56
42 55
42 55
42 60
42 60
42 54
42 57
42 51
42 56
43 51
43 53
43 60
43 55
43 54
43 56
43 52
43 58
43 55
44 54
44 52
44 55
44 57
44 60
44 55
44 53
44 53
44 57
45 55
45 52
45 53
45 59
45 59
45 60
45 53
45 59
45 59
46 59
46 57
46 59
46 54
46 59
46 54
46 54
46 54
46 59
47 51
47 55
47 58
47 57
47 59
47 60
47 51
47 57
47 59
48 58
48 60
48 51
48 54
48 54
48 54
48 58
48 54
48 53
49 57
49 56
49 53
49 57
49 56
49 59
49 58
49 60
49 57
50 51
50 55
50 52
50 51
50 55
50 59
50 58
50 51
50 59
