58
504
0 1
0 2
0 3
0 4
0 5
0 6
0 7
50 57
51 57
52 57
53 57
54 57
55 57
56 57
1 15
1 53
1 45
1 12
1 29
1 54
1 11
1 16
1 34
1 18
2 30
2 22
2 12
2 30
2 13
2 13
2 54
2 52
2 53
2 13
3 46
3 46
3 53
3 42
3 41
3 12
3 43
3 9
3 18
3 14
4 22
4 26
4 16
4 15
4 35
4 37
4 17
4 44
4 45
4 43
5 54
5 23
5 14
5 10
5 51
5 19
5 20
5 48
5 14
5 16
6 9
6 8
6 10
6 55
6 47
6 43
6 10
6 38
6 49
6 25
7 49
7 19
7 43
7 8
7 27
7 27
7 38
7 36
7 14
7 31
8 28
8 37
8 47
8 48
8 16
8 55
8 43
8 27
8 37
8 54
9 28
9 53
9 54
9 52
9 21
9 16
9 43
9 35
9 23
9 43
10 38
10 15
10 26
10 16
10 37
10 15
10 54
10 44
10 49
10 51
11 39
11 20
11 31
11 29
11 51
11 31
11 25
11 37
11 43
11 46
12 34
12 54
12 40
12 29
12 49
12 46
12 28
12 34
12 24
12 36
13 20
13 45
13 36
13 31
13 46
13 56
13 30
13 41
13 43
13 22
14 35
14 26
14 27
14 52
14 38
14 21
14 24
14 47
14 41
14 52
15 22
15 25
15 49
15 40
15 51
15 54
15 55
15 22
15 24
15 34
16 27
16 55
16 22
16 55
16 27
16 38
16 53
16 49
16 29
16 32
17 35
17 50
17 29
17 24
17 22
17 23
17 28
17 24
17 48
17 26
18 38
18 48
18 41
18 42
18 43
18 35
18 51
18 41
18 47
18 30
19 53
19 52
19 28
19 53
19 28
19 46
19 46
19 24
19 38
19 54
20 34
20 29
20 24
20 54
20 31
20 36
20 55
20 38
20 38
20 46
21 42
21 31
21 49
21 39
21 51
21 35
21 52
21 46
21 54
21 55
22 54
22 36
22 29
22 45
22 37
22 40
22 41
22 41
22 35
22 29
23 29
23 39
23 29
23 38
23 50
23 51
23 43
23 34
23 46
23 43
24 35
24 50
24 45
24 34
24 39
24 51
24 33
24 54
24 47
24 35
25 38
25 29
25 42
25 50
25 29
25 34
25 34
25 41
25 46
25 40
26 53
26 30
26 50
26 38
26 51
26 55
26 32
26 37
26 44
26 33
27 51
27 50
27 54
27 39
27 39
27 37
27 46
27 55
27 46
27 48
28 33
28 55
28 48
28 30
28 32
28 48
28 36
28 37
28 44
28 37
29 54
29 48
29 37
29 52
29 36
29 45
29 44
29 44
29 40
29 43
30 55
30 53
30 44
30 45
30 55
30 38
30 51
30 37
30 42
30 40
31 42
31 53
31 36
31 39
31 46
31 47
31 49
31 51
31 39
31 44
32 36
32 36
32 56
32 37
32 53
32 54
32 47
32 38
32 41
32 49
33 43
33 39
33 45
33 49
33 48
33 41
33 52
33 41
33 42
33 37
34 45
34 47
34 52
34 44
34 50
34 41
34 55
34 42
34 54
34 37
35 50
35 55
35 36
35 47
35 56
35 51
35 44
35 44
35 51
35 47
36 50
36 51
36 50
36 51
36 44
36 54
36 49
36 46
36 45
36 47
37 52
37 52
37 51
37 54
37 44
37 49
37 51
37 56
37 48
37 48
38 49
38 47
38 53
38 56
38 56
38 44
38 55
38 56
38 52
38 56
39 53
39 44
39 50
39 45
39 50
39 51
39 56
39 54
39 52
39 56
40 44
40 47
40 49
40 50
40 43
40 51
40 56
40 51
40 48
40 46
41 54
41 54
41 50
41 49
41 51
41 49
41 50
41 49
41 48
41 43
42 48
42 43
42 44
42 54
42 45
42 51
42 48
42 44
42 47
42 56
43 55
43 55
43 53
43 52
43 54
43 51
43 53
43 53
43 52
43 50
44 56
44 50
44 52
44 54
44 56
44 54
44 54
44 54
44 51
44 50
45 54
45 55
45 50
45 56
45 52
45 52
45 55
45 55
45 51
45 50
46 54
46 54
46 56
46 56
46 55
46 53
46 50
46 56
46 54
46 53
47 56
47 52
47 51
47 52
47 56
47 55
47 54
47 53
47 52
47 55
48 52
48 54
48 53
48 50
48 51
48 55
48 51
48 55
48 54
48 50
49 55
49 51
49 53
49 54
49 55
49 51
49 55
49 56
49 50
49 51
