74
270
0 1
0 2
0 3
0 4
0 5
0 6
0 7
0 8
0 9
64 73
65 73
66 73
67 73
68 73
69 73
70 73
71 73
72 73
1 14
1 22
1 55
1 60
2 67
2 11
2 64
2 12
3 53
3 16
3 12
3 36
4 15
4 22
4 48
4 20
5 19
5 20
5 17
5 10
6 17
6 29
6 66
6 69
7 24
7 18
7 55
7 27
8 69
8 16
8 31
8 10
9 29
9 13
9 58
9 21
10 66
10 22
10 57
10 65
11 37
11 39
11 28
11 24
12 32
12 66
12 25
12 66
13 41
13 40
13 30
13 48
14 68
14 59
14 69
14 26
15 21
15 60
15 25
15 71
16 38
16 46
16 71
16 55
17 48
17 56
17 46
17 41
18 59
18 30
18 49
18 23
19 50
19 58
19 62
19 36
20 68
20 41
20 64
20 34
21 62
21 66
21 61
21 37
22 62
22 46
22 45
22 71
23 43
23 69
23 33
23 42
24 68
24 38
24 69
24 59
25 64
25 33
25 63
25 32
26 42
26 47
26 52
26 64
27 32
27 48
27 35
27 34
28 70
28 44
28 65
28 67
29 53
29 71
29 58
29 49
30 52
30 37
30 65
30 40
31 59
31 61
31 43
31 70
32 71
32 48
32 56
32 62
33 42
33 62
33 55
33 65
34 63
34 68
34 63
34 66
35 52
35 50
35 45
35 66
36 57
36 54
36 60
36 38
37 50
37 61
37 66
37 56
38 51
38 68
38 48
38 64
39 56
39 72
39 52
39 62
40 72
40 71
40 67
40 59
41 67
41 48
41 49
41 67
42 50
42 47
42 60
42 46
43 69
43 57
43 66
43 52
44 65
44 60
44 71
44 70
45 64
45 64
45 53
45 69
46 57
46 72
46 67
46 66
47 71
47 55
47 71
47 62
48 60
48 65
48 55
48 55
49 56
49 57
49 56
49 61
50 67
50 70
50 59
50 72
51 72
51 70
51 60
51 72
52 64
52 65
52 69
52 64
53 64
53 56
53 68
53 66
54 71
54 62
54 59
54 70
55 70
55 66
55 66
55 64
56 66
56 64
56 71
56 65
57 66
57 72
57 71
57 69
58 67
58 66
58 67
58 67
59 70
59 72
59 66
59 68
60 65
60 69
60 69
60 72
61 68
61 71
61 72
61 67
62 67
62 66
62 71
62 71
63 66
63 64
63 72
63 68
