26
132
0 1
0 2
0 3
22 25
23 25
24 25
1 17
1 7
1 20
1 9
1 4
1 8
2 11
2 12
2 4
2 19
2 16
2 9
3 6
3 6
3 16
3 5
3 21
3 6
4 17
4 24
4 23
4 23
4 17
4 13
5 14
5 17
5 12
5 22
5 8
5 9
6 17
6 7
6 9
6 21
6 14
6 15
7 23
7 15
7 10
7 23
7 12
7 16
8 22
8 15
8 16
8 10
8 24
8 21
9 13
9 10
9 12
9 24
9 21
9 20
10 24
10 16
10 16
10 21
10 18
10 15
11 17
11 16
11 20
11 18
11 16
11 15
12 20
12 17
12 14
12 15
12 15
12 18
13 16
13 19
13 24
13 20
13 24
13 23
14 21
14 19
14 23
14 20
14 21
14 19
15 19
15 18
15 21
15 17
15 20
15 18
16 22
16 22
16 22
16 23
16 21
16 19
17 23
17 21
17 23
17 19
17 21
17 23
18 22
18 19
18 24
18 21
18 20
18 20
19 23
19 22
19 23
19 22
19 22
19 23
20 23
20 22
20 22
20 23
20 23
20 24
21 22
21 24
21 22
21 22
21 24
21 24
