66
184
0 1
0 2
0 3
0 4
0 5
0 6
0 7
0 8
57 65
58 65
59 65
60 65
61 65
62 65
63 65
64 65
1 45
1 20
1 22
2 39
2 63
2 14
3 17
3 13
3 37
4 12
4 16
4 32
5 52
5 10
5 15
6 35
6 31
6 23
7 32
7 9
7 26
8 38
8 11
8 46
9 30
9 53
9 61
10 64
10 23
10 19
11 34
11 43
11 38
12 39
12 34
12 29
13 61
13 18
13 25
14 17
14 21
14 32
15 24
15 48
15 41
16 46
16 58
16 47
17 60
17 41
17 56
18 62
18 38
18 26
19 43
19 27
19 46
20 32
20 50
20 28
21 50
21 35
21 63
22 40
22 26
22 56
23 28
23 46
23 49
24 60
24 54
24 53
25 51
25 53
25 60
26 43
26 50
26 53
27 58
27 61
27 53
28 33
28 42
28 50
29 34
29 37
29 45
30 39
30 60
30 38
31 51
31 53
31 33
32 57
32 36
32 34
33 56
33 63
33 47
34 48
34 42
34 44
35 60
35 60
35 56
36 55
36 47
36 57
37 59
37 56
37 53
38 55
38 56
38 63
39 48
39 57
39 51
40 52
40 55
40 62
41 58
41 49
41 58
42 58
42 57
42 62
43 59
43 56
43 60
44 57
44 63
44 62
45 52
45 50
45 49
46 51
46 64
46 63
47 51
47 50
47 54
48 63
48 56
48 61
49 61
49 64
49 61
50 63
50 59
50 60
51 60
51 60
51 60
52 62
52 61
52 61
53 59
53 63
53 60
54 62
54 63
54 59
55 59
55 58
55 60
56 60
56 60
56 60
