50
256
0 1
0 2
0 3
0 4
0 5
0 6
0 7
0 8
41 49
42 49
43 49
44 49
45 49
46 49
47 49
48 49
1 12
1 36
1 14
1 27
1 15
1 36
2 44
2 15
2 16
2 40
2 28
2 27
3 45
3 45
3 41
3 45
3 45
3 37
4 23
4 10
4 9
4 41
4 22
4 33
5 28
5 29
5 10
5 31
5 48
5 11
6 15
6 11
6 38
6 13
6 21
6 37
7 32
7 16
7 43
7 31
7 48
7 23
8 42
8 36
8 19
8 34
8 32
8 48
9 38
9 38
9 17
9 38
9 31
9 46
10 46
10 42
10 18
10 24
10 48
10 25
11 34
11 47
11 27
11 40
11 43
11 23
12 44
12 18
12 22
12 38
12 48
12 29
13 44
13 25
13 40
13 31
13 34
13 24
14 46
14 24
14 45
14 46
14 45
14 27
15 43
15 43
15 21
15 44
15 18
15 20
16 20
16 35
16 18
16 30
16 26
16 44
17 44
17 37
17 29
17 41
17 27
17 37
18 46
18 38
18 45
18 37
18 44
18 39
19 44
19 33
19 46
19 41
19 30
19 34
20 43
20 48
20 44
20 47
20 27
20 37
21 43
21 46
21 40
21 44
21 27
21 33
22 40
22 38
22 38
22 44
22 31
22 40
23 48
23 28
23 45
23 45
23 32
23 41
24 27
24 44
24 41
24 48
24 36
24 47
25 41
25 46
25 46
25 45
25 45
25 33
26 33
26 47
26 38
26 40
26 34
26 41
27 41
27 33
27 46
27 46
27 45
27 44
28 45
28 36
28 47
28 33
28 48
28 47
29 41
29 34
29 34
29 34
29 33
29 37
30 40
30 42
30 34
30 37
30 38
30 46
31 37
31 38
31 44
31 43
31 46
31 46
32 35
32 38
32 46
32 48
32 35
32 42
33 44
33 47
33 46
33 42
33 47
33 45
34 48
34 48
34 47
34 41
34 41
34 47
35 45
35 48
35 48
35 47
35 44
35 45
36 44
36 41
36 43
36 48
36 43
36 48
37 45
37 45
37 45
37 42
37 44
37 47
38 44
38 47
38 45
38 41
38 41
38 43
39 45
39 48
39 42
39 43
39 41
39 42
40 42
40 45
40 41
40 41
40 43
40 45
