58
448
0 1
0 2
0 3
0 4
0 5
0 6
0 7
0 8
49 57
50 57
51 57
52 57
53 57
54 57
55 57
56 57
1 30
1 42
1 47
1 38
1 10
1 36
1 17
1 26
1 23
2 14
2 24
2 32
2 25
2 18
2 37
2 43
2 37
2 48
3 18
3 25
3 39
3 54
3 19
3 40
3 10
3 53
3 12
4 40
4 51
4 34
4 36
4 25
4 19
4 26
4 22
4 36
5 21
5 47
5 54
5 51
5 52
5 37
5 27
5 36
5 46
6 55
6 38
6 43
6 15
6 48
6 27
6 13
6 13
6 37
7 45
7 30
7 33
7 16
7 14
7 27
7 41
7 9
7 11
8 20
8 26
8 25
8 15
8 54
8 15
8 28
8 49
8 26
9 32
9 27
9 54
9 30
9 25
9 19
9 40
9 47
9 34
10 34
10 44
10 23
10 46
10 48
10 28
10 46
10 47
10 25
11 56
11 55
11 25
11 27
11 50
11 34
11 27
11 33
11 56
12 49
12 28
12 24
12 34
12 36
12 34
12 23
12 49
12 34
13 18
13 32
13 25
13 35
13 41
13 52
13 33
13 22
13 43
14 45
14 51
14 25
14 45
14 50
14 55
14 54
14 52
14 49
15 31
15 22
15 17
15 22
15 54
15 20
15 29
15 24
15 39
16 38
16 30
16 31
16 56
16 31
16 38
16 56
16 42
16 54
17 35
17 42
17 35
17 37
17 46
17 29
17 53
17 35
17 39
18 51
18 56
18 50
18 27
18 46
18 32
18 35
18 36
18 37
19 47
19 32
19 52
19 29
19 46
19 26
19 36
19 53
19 32
20 41
20 52
20 41
20 55
20 30
20 27
20 33
20 42
20 48
21 38
21 38
21 26
21 52
21 32
21 25
21 45
21 35
21 47
22 52
22 45
22 26
22 33
22 35
22 33
22 28
22 40
22 54
23 29
23 51
23 50
23 37
23 35
23 45
23 53
23 33
23 50
24 55
24 42
24 35
24 47
24 55
24 48
24 48
24 50
24 56
25 33
25 46
25 34
25 39
25 50
25 38
25 40
25 34
25 41
26 48
26 37
26 48
26 38
26 50
26 50
26 47
26 54
26 44
27 44
27 34
27 37
27 53
27 49
27 54
27 40
27 55
27 36
28 55
28 38
28 37
28 54
28 54
28 50
28 47
28 52
28 43
29 53
29 35
29 36
29 37
29 43
29 41
29 52
29 48
29 50
30 37
30 54
30 47
30 40
30 33
30 40
30 44
30 54
30 56
31 33
31 37
31 46
31 36
31 51
31 44
31 56
31 49
31 41
32 50
32 39
32 53
32 52
32 35
32 47
32 56
32 55
32 33
33 56
33 50
33 56
33 41
33 54
33 54
33 47
33 54
33 54
34 54
34 41
34 51
34 46
34 50
34 55
34 43
34 45
34 42
35 54
35 53
35 42
35 55
35 54
35 48
35 43
35 41
35 43
36 49
36 48
36 49
36 50
36 47
36 43
36 49
36 47
36 56
37 46
37 53
37 53
37 44
37 51
37 54
37 54
37 56
37 47
38 53
38 42
38 51
38 54
38 56
38 47
38 55
38 54
38 44
39 46
39 56
39 45
39 48
39 48
39 52
39 41
39 41
39 43
40 43
40 50
40 49
40 42
40 55
40 46
40 55
40 42
40 56
41 52
41 56
41 55
41 50
41 52
41 56
41 52
41 49
41 55
42 51
42 55
42 52
42 54
42 52
42 51
42 50
42 52
42 51
43 54
43 52
43 51
43 56
43 54
43 52
43 56
43 55
43 51
44 53
44 53
44 52
44 52
44 56
44 51
44 50
44 49
44 54
45 50
45 53
45 54
45 56
45 55
45 52
45 52
45 52
45 56
46 54
46 54
46 51
46 56
46 51
46 54
46 51
46 50
46 51
47 54
47 49
47 49
47 56
47 54
47 54
47 52
47 49
47 53
48 54
48 51
48 54
48 52
48 52
48 50
48 49
48 51
48 56
