23
186
0 1
0 2
0 3
19 22
20 22
21 22
1 11
1 5
1 6
1 14
1 10
1 11
1 18
1 18
1 4
1 19
2 18
2 11
2 13
2 12
2 15
2 15
2 18
2 19
2 13
2 20
3 20
3 14
3 20
3 20
3 6
3 13
3 10
3 20
3 5
3 21
4 7
4 11
4 9
4 10
4 12
4 10
4 20
4 15
4 15
4 9
5 16
5 20
5 14
5 10
5 19
5 11
5 13
5 16
5 7
5 11
6 15
6 20
6 12
6 10
6 16
6 15
6 14
6 8
6 10
6 10
7 20
7 17
7 11
7 17
7 15
7 17
7 20
7 20
7 11
7 17
8 13
8 20
8 16
8 12
8 18
8 17
8 15
8 13
8 15
8 15
9 20
9 21
9 17
9 17
9 13
9 11
9 15
9 18
9 16
9 12
10 21
10 21
10 17
10 20
10 14
10 20
10 16
10 13
10 21
10 17
11 15
11 17
11 16
11 13
11 16
11 13
11 20
11 16
11 19
11 14
12 18
12 16
12 13
12 16
12 21
12 20
12 16
12 20
12 19
12 16
13 21
13 20
13 18
13 20
13 16
13 21
13 19
13 19
13 18
13 19
14 21
14 18
14 17
14 19
14 21
14 16
14 17
14 20
14 19
14 18
15 19
15 20
15 18
15 20
15 21
15 18
15 19
15 18
15 20
15 17
16 19
16 19
16 21
16 19
16 21
16 19
16 21
16 21
16 19
16 21
17 21
17 19
17 21
17 21
17 19
17 21
17 21
17 21
17 20
17 19
18 20
18 21
18 20
18 21
18 19
18 20
18 21
18 19
18 20
18 19
