23
140
0 1
0 2
0 3
0 4
0 5
0 6
0 7
15 22
16 22
17 22
18 22
19 22
20 22
21 22
1 9
1 12
1 17
1 13
1 9
1 11
1 18
1 10
1 9
2 11
2 10
2 13
2 14
2 19
2 21
2 8
2 18
2 16
3 10
3 10
3 11
3 8
3 13
3 17
3 10
3 20
3 20
4 21
4 9
4 13
4 13
4 8
4 18
4 20
4 11
4 17
5 9
5 8
5 17
5 10
5 9
5 19
5 13
5 15
5 14
6 11
6 14
6 10
6 17
6 16
6 11
6 20
6 15
6 16
7 16
7 17
7 12
7 12
7 16
7 11
7 17
7 21
7 12
8 20
8 18
8 20
8 20
8 19
8 18
8 15
8 20
8 18
9 17
9 18
9 18
9 17
9 19
9 15
9 17
9 15
9 15
10 18
10 20
10 15
10 19
10 19
10 15
10 17
10 16
10 16
11 20
11 19
11 20
11 15
11 15
11 16
11 19
11 21
11 19
12 15
12 19
12 15
12 18
12 15
12 16
12 20
12 15
12 21
13 18
13 15
13 21
13 16
13 19
13 17
13 21
13 21
13 15
14 21
14 21
14 16
14 20
14 18
14 18
14 19
14 18
14 19
