26
156
0 1
0 2
0 3
0 4
0 5
0 6
19 25
20 25
21 25
22 25
23 25
24 25
1 8
1 23
1 16
1 14
1 12
1 14
1 17
1 19
2 22
2 8
2 21
2 20
2 21
2 14
2 12
2 11
3 13
3 7
3 23
3 17
3 24
3 15
3 22
3 22
4 15
4 15
4 15
4 20
4 8
4 8
4 12
4 7
5 7
5 19
5 12
5 10
5 8
5 23
5 20
5 23
6 22
6 16
6 16
6 18
6 21
6 20
6 21
6 9
7 24
7 19
7 18
7 23
7 20
7 21
7 21
7 22
8 15
8 15
8 17
8 14
8 22
8 22
8 21
8 16
9 21
9 18
9 23
9 22
9 14
9 18
9 13
9 16
10 19
10 22
10 15
10 16
10 15
10 21
10 16
10 15
11 20
11 13
11 13
11 15
11 21
11 13
11 16
11 24
12 15
12 20
12 13
12 13
12 21
12 13
12 20
12 17
13 23
13 19
13 19
13 24
13 22
13 23
13 21
13 23
14 24
14 22
14 24
14 21
14 22
14 19
14 23
14 21
15 20
15 21
15 21
15 20
15 22
15 24
15 23
15 24
16 23
16 22
16 22
16 20
16 22
16 24
16 22
16 24
17 22
17 20
17 22
17 23
17 24
17 22
17 19
17 24
18 23
18 24
18 24
18 21
18 23
18 22
18 21
18 24
