44
192
0 1
0 2
0 3
0 4
0 5
0 6
37 43
38 43
39 43
40 43
41 43
42 43
1 42
1 25
1 20
1 25
1 41
2 19
2 24
2 10
2 29
2 8
3 17
3 13
3 36
3 11
3 32
4 12
4 16
4 11
4 7
4 39
5 15
5 22
5 34
5 36
5 18
6 36
6 9
6 42
6 33
6 35
7 13
7 30
7 41
7 26
7 24
8 27
8 26
8 27
8 34
8 29
9 28
9 33
9 33
9 26
9 31
10 22
10 17
10 28
10 32
10 17
11 28
11 14
11 30
11 30
11 25
12 29
12 41
12 25
12 28
12 35
13 23
13 34
13 26
13 25
13 33
14 29
14 33
14 41
14 37
14 24
15 31
15 26
15 38
15 39
15 21
16 25
16 36
16 42
16 32
16 41
17 22
17 24
17 30
17 34
17 27
18 28
18 20
18 35
18 28
18 34
19 33
19 38
19 29
19 32
19 32
20 38
20 36
20 32
20 40
20 40
21 41
21 40
21 29
21 35
21 42
22 30
22 35
22 33
22 27
22 28
23 37
23 42
23 31
23 40
23 31
24 33
24 37
24 27
24 25
24 28
25 40
25 31
25 39
25 38
25 32
26 38
26 39
26 31
26 31
26 34
27 32
27 41
27 41
27 41
27 31
28 40
28 32
28 35
28 40
28 34
29 37
29 34
29 39
29 31
29 31
30 40
30 34
30 41
30 34
30 32
31 42
31 41
31 39
31 42
31 42
32 40
32 37
32 37
32 39
32 41
33 40
33 40
33 38
33 39
33 42
34 38
34 40
34 37
34 41
34 38
35 40
35 41
35 39
35 41
35 39
36 38
36 42
36 42
36 42
36 39
