66
408
0 1
0 2
0 3
0 4
0 5
0 6
0 7
0 8
57 65
58 65
59 65
60 65
61 65
62 65
63 65
64 65
1 31
1 60
1 11
1 16
1 36
1 27
1 49
2 55
2 14
2 23
2 41
2 29
2 36
2 32
3 37
3 9
3 63
3 12
3 25
3 47
3 20
4 28
4 49
4 12
4 21
4 16
4 57
4 27
5 31
5 58
5 19
5 37
5 53
5 62
5 28
6 64
6 64
6 13
6 38
6 53
6 11
6 15
7 57
7 22
7 38
7 13
7 62
7 36
7 17
8 63
8 58
8 28
8 10
8 26
8 31
8 22
9 58
9 47
9 40
9 48
9 24
9 18
9 36
10 36
10 23
10 40
10 35
10 54
10 52
10 64
11 34
11 46
11 62
11 34
11 28
11 51
11 31
12 41
12 30
12 63
12 47
12 31
12 26
12 64
13 57
13 32
13 45
13 18
13 62
13 20
13 17
14 21
14 38
14 36
14 40
14 44
14 27
14 26
15 34
15 30
15 41
15 19
15 60
15 55
15 37
16 23
16 41
16 51
16 63
16 23
16 17
16 62
17 45
17 26
17 45
17 53
17 41
17 58
17 46
18 30
18 37
18 54
18 42
18 34
18 58
18 49
19 62
19 36
19 58
19 31
19 34
19 50
19 49
20 61
20 32
20 53
20 51
20 41
20 47
20 25
21 63
21 55
21 38
21 43
21 56
21 51
21 64
22 64
22 36
22 45
22 29
22 48
22 35
22 38
23 50
23 28
23 62
23 47
23 31
23 47
23 45
24 32
24 33
24 29
24 60
24 40
24 58
24 46
25 40
25 48
25 63
25 46
25 55
25 36
25 57
26 54
26 38
26 64
26 46
26 33
26 36
26 42
27 57
27 38
27 48
27 50
27 41
27 37
27 56
28 40
28 36
28 44
28 63
28 52
28 48
28 43
29 43
29 41
29 64
29 51
29 57
29 62
29 64
30 47
30 34
30 56
30 36
30 39
30 55
30 49
31 40
31 59
31 59
31 64
31 64
31 42
31 49
32 41
32 46
32 40
32 48
32 49
32 51
32 46
33 60
33 50
33 64
33 47
33 43
33 64
33 57
34 43
34 45
34 56
34 57
34 62
34 56
34 60
35 53
35 54
35 53
35 60
35 48
35 63
35 43
36 56
36 48
36 43
36 48
36 53
36 58
36 55
37 54
37 52
37 60
37 49
37 61
37 60
37 47
38 55
38 51
38 63
38 57
38 47
38 47
38 41
39 45
39 62
39 61
39 49
39 43
39 41
39 60
40 51
40 63
40 62
40 58
40 62
40 64
40 57
41 58
41 49
41 55
41 63
41 60
41 50
41 56
42 56
42 53
42 62
42 63
42 63
42 53
42 55
43 62
43 59
43 64
43 50
43 56
43 60
43 50
44 50
44 60
44 53
44 52
44 58
44 58
44 61
45 63
45 49
45 53
45 56
45 49
45 59
45 55
46 60
46 61
46 62
46 51
46 49
46 59
46 49
47 64
47 63
47 56
47 61
47 57
47 55
47 62
48 64
48 50
48 63
48 50
48 61
48 51
48 53
49 62
49 60
49 58
49 60
49 60
49 62
49 59
50 60
50 57
50 57
50 63
50 61
50 62
50 57
51 61
51 57
51 58
51 60
51 63
51 57
51 64
52 64
52 63
52 61
52 63
52 64
52 59
52 64
53 60
53 61
53 61
53 57
53 64
53 62
53 60
54 59
54 59
54 62
54 62
54 59
54 63
54 60
55 63
55 60
55 61
55 60
55 60
55 62
55 63
56 59
56 62
56 63
56 58
56 60
56 59
56 64
