38
153
0 1
0 2
0 3
0 4
0 5
0 6
0 7
0 8
0 9
28 37
29 37
30 37
31 37
32 37
33 37
34 37
35 37
36 37
1 15
1 14
1 12
1 15
1 21
2 20
2 13
2 12
2 36
2 31
3 21
3 10
3 19
3 35
3 21
4 32
4 13
4 25
4 21
4 24
5 20
5 21
5 16
5 32
5 30
6 30
6 17
6 18
6 33
6 11
7 24
7 11
7 32
7 27
7 32
8 16
8 26
8 24
8 18
8 25
9 19
9 18
9 14
9 28
9 17
10 23
10 30
10 36
10 29
10 24
11 30
11 31
11 26
11 27
11 26
12 36
12 20
12 22
12 26
12 33
13 21
13 22
13 34
13 25
13 28
14 21
14 29
14 26
14 26
14 36
15 21
15 33
15 35
15 35
15 23
16 31
16 19
16 34
16 28
16 30
17 19
17 21
17 22
17 25
17 30
18 27
18 24
18 29
18 30
18 29
19 34
19 30
19 30
19 30
19 35
20 31
20 30
20 34
20 36
20 35
21 31
21 28
21 32
21 30
21 33
22 36
22 31
22 33
22 31
22 32
23 33
23 32
23 32
23 36
23 29
24 34
24 35
24 32
24 34
24 35
25 33
25 31
25 36
25 35
25 31
26 34
26 36
26 33
26 29
26 34
27 30
27 33
27 34
27 34
27 33
