32
228
0 1
0 2
0 3
0 4
0 5
0 6
25 31
26 31
27 31
28 31
29 31
30 31
1 27
1 22
1 13
1 30
1 9
1 18
1 11
1 12
1 11
2 13
2 24
2 18
2 9
2 17
2 28
2 9
2 13
2 15
3 20
3 10
3 10
3 11
3 27
3 18
3 21
3 19
3 18
4 22
4 17
4 15
4 11
4 29
4 30
4 17
4 28
4 8
5 20
5 25
5 29
5 24
5 7
5 15
5 11
5 25
5 25
6 24
6 27
6 23
6 25
6 9
6 27
6 28
6 13
6 15
7 13
7 25
7 21
7 18
7 28
7 23
7 15
7 30
7 28
8 30
8 22
8 23
8 20
8 15
8 29
8 16
8 20
8 24
9 24
9 17
9 16
9 28
9 14
9 13
9 21
9 20
9 15
10 15
10 15
10 19
10 29
10 15
10 13
10 19
10 19
10 26
11 28
11 19
11 26
11 25
11 18
11 15
11 17
11 23
11 16
12 16
12 27
12 21
12 25
12 18
12 25
12 28
12 14
12 25
13 20
13 26
13 30
13 26
13 28
13 27
13 26
13 26
13 27
14 30
14 24
14 19
14 30
14 21
14 19
14 29
14 19
14 23
15 29
15 24
15 27
15 20
15 25
15 27
15 23
15 19
15 27
16 21
16 20
16 28
16 21
16 26
16 23
16 21
16 21
16 24
17 21
17 21
17 19
17 21
17 24
17 28
17 22
17 23
17 19
18 26
18 21
18 23
18 30
18 24
18 28
18 27
18 25
18 26
19 29
19 29
19 30
19 29
19 26
19 26
19 30
19 26
19 27
20 26
20 26
20 27
20 25
20 28
20 29
20 29
20 29
20 27
21 27
21 26
21 25
21 25
21 25
21 26
21 29
21 25
21 25
22 25
22 25
22 25
22 26
22 27
22 28
22 26
22 26
22 27
23 25
23 25
23 26
23 25
23 27
23 28
23 27
23 25
23 25
24 30
24 30
24 29
24 26
24 26
24 28
24 30
24 30
24 29
