27
130
0 1
0 2
0 3
0 4
0 5
21 26
22 26
23 26
24 26
25 26
1 8
1 14
1 25
1 9
1 12
1 14
2 6
2 8
2 17
2 16
2 11
2 7
3 7
3 16
3 24
3 11
3 6
3 22
4 10
4 12
4 8
4 11
4 14
4 22
5 8
5 24
5 10
5 23
5 8
5 10
6 11
6 17
6 13
6 25
6 20
6 21
7 19
7 22
7 14
7 22
7 17
7 21
8 24
8 25
8 21
8 14
8 15
8 22
9 25
9 12
9 20
9 14
9 24
9 14
10 16
10 21
10 22
10 22
10 25
10 11
11 16
11 20
11 22
11 18
11 22
11 23
12 21
12 22
12 25
12 24
12 23
12 18
13 24
13 18
13 25
13 25
13 22
13 16
14 18
14 23
14 22
14 17
14 19
14 18
15 17
15 21
15 25
15 25
15 17
15 20
16 25
16 22
16 21
16 23
16 21
16 24
17 23
17 21
17 25
17 24
17 21
17 25
18 23
18 25
18 22
18 22
18 21
18 25
19 23
19 23
19 23
19 21
19 21
19 21
20 23
20 25
20 21
20 23
20 24
20 24
