38
261
0 1
0 2
0 3
0 4
0 5
0 6
0 7
0 8
0 9
28 37
29 37
30 37
31 37
32 37
33 37
34 37
35 37
36 37
1 29
1 26
1 28
1 35
1 24
1 35
1 29
1 22
1 16
2 20
2 33
2 14
2 15
2 17
2 15
2 14
2 16
2 10
3 35
3 20
3 18
3 36
3 34
3 16
3 27
3 18
3 36
4 32
4 20
4 20
4 15
4 28
4 10
4 22
4 15
4 13
5 20
5 35
5 14
5 26
5 34
5 10
5 19
5 12
5 33
6 14
6 33
6 12
6 30
6 31
6 12
6 11
6 20
6 36
7 18
7 10
7 33
7 33
7 32
7 32
7 16
7 10
7 24
8 16
8 12
8 18
8 35
8 22
8 32
8 12
8 28
8 19
9 28
9 10
9 21
9 25
9 30
9 33
9 16
9 24
9 17
10 25
10 25
10 27
10 33
10 31
10 34
10 30
10 27
10 20
11 25
11 25
11 27
11 19
11 20
11 29
11 35
11 19
11 31
12 30
12 28
12 29
12 21
12 29
12 36
12 22
12 24
12 21
13 34
13 19
13 35
13 21
13 26
13 21
13 27
13 20
13 34
14 24
14 29
14 24
14 23
14 34
14 28
14 32
14 34
14 30
15 22
15 30
15 28
15 32
15 22
15 35
15 24
15 22
15 25
16 24
16 23
16 30
16 24
16 21
16 29
16 22
16 21
16 36
17 22
17 30
17 19
17 19
17 35
17 30
17 23
17 22
17 25
18 30
18 33
18 20
18 21
18 34
18 32
18 30
18 30
18 35
19 36
19 33
19 29
19 33
19 29
19 32
19 36
19 32
19 34
20 35
20 33
20 36
20 34
20 28
20 36
20 32
20 28
20 35
21 32
21 30
21 36
21 29
21 33
21 30
21 31
21 35
21 36
22 35
22 36
22 29
22 31
22 35
22 33
22 30
22 31
22 34
23 34
23 28
23 30
23 29
23 35
23 35
23 36
23 30
23 33
24 35
24 35
24 32
24 31
24 28
24 34
24 28
24 30
24 28
25 30
25 31
25 34
25 30
25 36
25 33
25 29
25 30
25 29
26 34
26 30
26 30
26 30
26 35
26 31
26 30
26 34
26 36
27 35
27 31
27 28
27 32
27 30
27 33
27 36
27 31
27 33
