72
380
0 1
0 2
0 3
0 4
0 5
0 6
0 7
0 8
0 9
0 10
61 71
62 71
63 71
64 71
65 71
66 71
67 71
68 71
69 71
70 71
1 40
1 46
1 30
1 47
1 51
1 57
2 26
2 13
2 59
2 14
2 45
2 26
3 15
3 42
3 17
3 69
3 16
3 65
4 39
4 32
4 64
4 26
4 57
4 55
5 50
5 57
5 11
5 58
5 12
5 38
6 20
6 41
6 65
6 40
6 17
6 37
7 18
7 24
7 39
7 59
7 27
7 13
8 14
8 23
8 36
8 20
8 13
8 41
9 14
9 42
9 63
9 60
9 57
9 41
10 36
10 36
10 19
10 28
10 15
10 21
11 27
11 67
11 43
11 61
11 66
11 50
12 47
12 65
12 35
12 37
12 43
12 62
13 61
13 69
13 36
13 57
13 70
13 31
14 37
14 56
14 42
14 51
14 35
14 40
15 24
15 22
15 38
15 32
15 30
15 32
16 24
16 36
16 28
16 47
16 29
16 25
17 28
17 57
17 70
17 42
17 24
17 44
18 35
18 64
18 42
18 53
18 52
18 42
19 63
19 69
19 29
19 34
19 51
19 45
20 55
20 54
20 46
20 22
20 68
20 55
21 44
21 31
21 33
21 33
21 59
21 51
22 58
22 46
22 37
22 69
22 50
22 32
23 62
23 54
23 38
23 66
23 56
23 59
24 49
24 58
24 39
24 67
24 43
24 50
25 41
25 38
25 53
25 68
25 31
25 42
26 43
26 36
26 43
26 37
26 39
26 31
27 57
27 58
27 39
27 55
27 48
27 58
28 49
28 39
28 41
28 56
28 66
28 59
29 44
29 44
29 46
29 45
29 32
29 51
30 64
30 42
30 50
30 38
30 40
30 50
31 50
31 54
31 58
31 64
31 52
31 46
32 44
32 48
32 55
32 62
32 44
32 42
33 61
33 62
33 52
33 62
33 49
33 68
34 50
34 65
34 43
34 57
34 69
34 55
35 49
35 42
35 68
35 60
35 51
35 49
36 70
36 60
36 62
36 49
36 53
36 65
37 54
37 49
37 42
37 60
37 62
37 68
38 61
38 53
38 51
38 64
38 66
38 60
39 53
39 67
39 54
39 56
39 45
39 52
40 62
40 54
40 45
40 59
40 43
40 55
41 58
41 64
41 57
41 51
41 52
41 59
42 56
42 57
42 57
42 69
42 66
42 59
43 68
43 68
43 63
43 59
43 64
43 68
44 70
44 56
44 54
44 55
44 51
44 68
45 68
45 62
45 63
45 62
45 53
45 66
46 68
46 52
46 51
46 54
46 52
46 65
47 63
47 69
47 51
47 61
47 60
47 59
48 61
48 57
48 68
48 65
48 57
48 61
49 62
49 56
49 59
49 57
49 52
49 51
50 55
50 69
50 55
50 59
50 52
50 57
51 66
51 70
51 68
51 67
51 63
51 61
52 61
52 67
52 62
52 63
52 70
52 61
53 61
53 70
53 67
53 61
53 65
53 66
54 63
54 68
54 61
54 61
54 65
54 65
55 62
55 61
55 63
55 66
55 69
55 65
56 64
56 65
56 66
56 61
56 63
56 68
57 63
57 63
57 67
57 64
57 67
57 66
58 64
58 68
58 67
58 63
58 70
58 63
59 68
59 62
59 61
59 70
59 63
59 67
60 64
60 66
60 67
60 69
60 63
60 67
