50
264
0 1
0 2
0 3
0 4
0 5
0 6
43 49
44 49
45 49
46 49
47 49
48 49
1 33
1 12
1 10
1 9
1 18
1 8
2 31
2 45
2 16
2 7
2 34
2 28
3 44
3 39
3 20
3 39
3 32
3 11
4 43
4 35
4 11
4 33
4 21
4 41
5 30
5 23
5 19
5 47
5 22
5 21
6 32
6 46
6 27
6 34
6 47
6 38
7 17
7 27
7 38
7 15
7 39
7 16
8 40
8 47
8 30
8 27
8 17
8 37
9 13
9 35
9 34
9 15
9 37
9 40
10 47
10 24
10 43
10 40
10 35
10 20
11 30
11 18
11 34
11 26
11 19
11 14
12 43
12 24
12 28
12 13
12 42
12 19
13 46
13 21
13 29
13 33
13 21
13 39
14 32
14 19
14 23
14 39
14 39
14 24
15 24
15 26
15 39
15 42
15 47
15 25
16 48
16 40
16 29
16 39
16 34
16 47
17 34
17 26
17 38
17 25
17 38
17 25
18 41
18 27
18 27
18 43
18 42
18 21
19 31
19 29
19 33
19 42
19 31
19 42
20 41
20 40
20 37
20 47
20 44
20 35
21 36
21 31
21 30
21 38
21 39
21 27
22 46
22 28
22 27
22 30
22 32
22 46
23 42
23 31
23 41
23 43
23 37
23 40
24 33
24 44
24 36
24 42
24 29
24 34
25 35
25 37
25 37
25 39
25 47
25 32
26 47
26 32
26 42
26 40
26 33
26 38
27 47
27 35
27 33
27 43
27 34
27 47
28 44
28 37
28 47
28 36
28 31
28 33
29 37
29 44
29 32
29 36
29 35
29 36
30 39
30 37
30 42
30 44
30 45
30 41
31 39
31 47
31 48
31 37
31 44
31 43
32 48
32 40
32 47
32 39
32 46
32 48
33 37
33 46
33 42
33 45
33 45
33 47
34 41
34 40
34 48
34 41
34 37
34 46
35 40
35 44
35 38
35 44
35 39
35 40
36 46
36 45
36 42
36 37
36 45
36 37
37 43
37 45
37 45
37 45
37 47
37 46
38 44
38 45
38 43
38 48
38 47
38 46
39 46
39 43
39 47
39 43
39 47
39 47
40 44
40 43
40 46
40 45
40 44
40 48
41 46
41 47
41 45
41 45
41 47
41 45
42 43
42 46
42 47
42 45
42 48
42 43
