26
176
0 1
0 2
0 3
0 4
0 5
0 6
0 7
0 8
17 25
18 25
19 25
20 25
21 25
22 25
23 25
24 25
1 16
1 15
1 18
1 12
1 10
1 24
1 19
1 21
1 18
1 22
2 19
2 20
2 11
2 20
2 12
2 15
2 21
2 11
2 13
2 17
3 20
3 17
3 16
3 22
3 15
3 19
3 23
3 12
3 12
3 24
4 18
4 19
4 15
4 11
4 22
4 16
4 10
4 17
4 12
4 19
5 14
5 22
5 14
5 16
5 17
5 18
5 23
5 13
5 20
5 11
6 22
6 15
6 20
6 13
6 13
6 10
6 23
6 11
6 13
6 10
7 10
7 22
7 21
7 16
7 9
7 18
7 23
7 10
7 10
7 10
8 21
8 16
8 23
8 10
8 23
8 16
8 19
8 21
8 20
8 15
9 24
9 17
9 21
9 19
9 21
9 17
9 20
9 20
9 19
9 24
10 21
10 21
10 21
10 17
10 20
10 21
10 19
10 19
10 23
10 20
11 20
11 19
11 19
11 19
11 20
11 18
11 18
11 23
11 22
11 21
12 21
12 21
12 22
12 17
12 23
12 18
12 18
12 18
12 21
12 20
13 17
13 18
13 24
13 22
13 18
13 20
13 18
13 20
13 22
13 24
14 24
14 17
14 18
14 18
14 19
14 22
14 19
14 20
14 20
14 17
15 17
15 24
15 21
15 22
15 24
15 20
15 23
15 17
15 21
15 20
16 21
16 22
16 21
16 20
16 19
16 22
16 23
16 20
16 18
16 20
