56
243
0 1
0 2
0 3
0 4
0 5
0 6
0 7
0 8
0 9
46 55
47 55
48 55
49 55
50 55
51 55
52 55
53 55
54 55
1 18
1 39
1 11
1 35
1 17
2 28
2 12
2 26
2 45
2 13
3 16
3 44
3 22
3 48
3 19
4 44
4 54
4 38
4 26
4 30
5 14
5 16
5 10
5 25
5 10
6 15
6 41
6 23
6 48
6 11
7 24
7 11
7 41
7 25
7 44
8 48
8 43
8 53
8 27
8 40
9 11
9 40
9 30
9 31
9 33
10 19
10 20
10 48
10 39
10 52
11 32
11 52
11 40
11 23
11 21
12 47
12 26
12 34
12 42
12 47
13 34
13 36
13 19
13 29
13 42
14 35
14 29
14 47
14 49
14 44
15 21
15 33
15 20
15 32
15 25
16 43
16 49
16 26
16 36
16 49
17 23
17 49
17 26
17 25
17 33
18 28
18 53
18 21
18 24
18 21
19 47
19 30
19 38
19 29
19 29
20 42
20 53
20 39
20 50
20 47
21 38
21 43
21 50
21 30
21 28
22 29
22 44
22 31
22 52
22 34
23 43
23 48
23 54
23 41
23 34
24 39
24 49
24 41
24 41
24 54
25 43
25 33
25 29
25 43
25 51
26 30
26 30
26 49
26 30
26 52
27 30
27 40
27 29
27 42
27 32
28 38
28 41
28 48
28 39
28 48
29 43
29 54
29 39
29 49
29 39
30 54
30 52
30 51
30 49
30 38
31 48
31 45
31 51
31 49
31 40
32 38
32 40
32 40
32 50
32 49
33 53
33 41
33 51
33 45
33 46
34 46
34 47
34 51
34 37
34 49
35 44
35 41
35 47
35 46
35 54
36 47
36 43
36 51
36 41
36 53
37 50
37 52
37 50
37 46
37 53
38 53
38 47
38 54
38 47
38 49
39 48
39 54
39 54
39 53
39 52
40 54
40 51
40 53
40 48
40 51
41 54
41 53
41 47
41 53
41 51
42 53
42 54
42 48
42 49
42 49
43 47
43 53
43 53
43 51
43 54
44 51
44 50
44 53
44 50
44 49
45 48
45 51
45 47
45 47
45 49
