32
235
0 1
0 2
0 3
0 4
0 5
26 31
27 31
28 31
29 31
30 31
1 12
1 8
1 25
1 28
1 30
1 24
1 20
1 8
1 9
2 9
2 6
2 12
2 28
2 19
2 15
2 7
2 16
2 15
3 20
3 23
3 21
3 8
3 10
3 10
3 30
3 20
3 16
4 10
4 24
4 16
4 8
4 6
4 19
4 27
4 30
4 20
5 23
5 19
5 23
5 26
5 24
5 25
5 10
5 21
5 13
6 11
6 12
6 20
6 17
6 23
6 12
6 13
6 11
6 28
7 14
7 12
7 12
7 20
7 21
7 16
7 27
7 18
7 28
8 25
8 21
8 17
8 15
8 28
8 25
8 19
8 16
8 29
9 23
9 17
9 11
9 17
9 17
9 25
9 27
9 23
9 29
10 20
10 17
10 21
10 18
10 21
10 22
10 11
10 22
10 24
11 23
11 23
11 18
11 17
11 25
11 26
11 18
11 21
11 28
12 25
12 21
12 20
12 25
12 30
12 21
12 27
12 21
12 19
13 28
13 29
13 29
13 17
13 26
13 20
13 27
13 28
13 22
14 26
14 20
14 18
14 16
14 20
14 18
14 19
14 21
14 19
15 29
15 24
15 24
15 18
15 25
15 29
15 23
15 19
15 28
16 25
16 22
16 30
16 21
16 30
16 29
16 29
16 26
16 29
17 25
17 24
17 28
17 22
17 24
17 29
17 21
17 30
17 28
18 30
18 30
18 24
18 23
18 25
18 24
18 28
18 22
18 23
19 23
19 21
19 23
19 22
19 28
19 26
19 22
19 28
19 25
20 22
20 28
20 22
20 22
20 22
20 28
20 21
20 25
20 21
21 29
21 26
21 27
21 27
21 27
21 28
21 27
21 30
21 27
22 30
22 29
22 26
22 29
22 27
22 26
22 28
22 28
22 30
23 28
23 26
23 27
23 30
23 27
23 29
23 28
23 30
23 28
24 30
24 30
24 27
24 28
24 26
24 27
24 26
24 29
24 26
25 29
25 30
25 30
25 27
25 26
25 30
25 27
25 26
25 26
