51
224
0 1
0 2
0 3
0 4
0 5
0 6
0 7
43 50
44 50
45 50
46 50
47 50
48 50
49 50
1 44
1 19
1 14
1 10
1 36
2 12
2 17
2 42
2 8
2 16
3 43
3 15
3 17
3 9
3 39
4 38
4 19
4 25
4 24
4 13
5 44
5 12
5 37
5 32
5 8
6 10
6 49
6 20
6 17
6 47
7 37
7 11
7 14
7 42
7 12
8 35
8 46
8 42
8 33
8 44
9 36
9 24
9 37
9 44
9 46
10 25
10 18
10 37
10 21
10 19
11 28
11 22
11 44
11 35
11 30
12 23
12 44
12 48
12 33
12 23
13 29
13 40
13 27
13 49
13 32
14 31
14 46
14 28
14 35
14 29
15 37
15 49
15 44
15 22
15 34
16 47
16 25
16 36
16 46
16 29
17 40
17 39
17 41
17 34
17 29
18 47
18 26
18 23
18 38
18 29
19 25
19 24
19 47
19 28
19 30
20 41
20 49
20 39
20 33
20 27
21 44
21 32
21 38
21 38
21 45
22 44
22 36
22 34
22 30
22 44
23 40
23 46
23 45
23 45
23 37
24 45
24 48
24 39
24 45
24 29
25 46
25 32
25 44
25 41
25 31
26 36
26 39
26 44
26 39
26 35
27 42
27 34
27 43
27 44
27 36
28 45
28 36
28 41
28 49
28 35
29 43
29 46
29 38
29 38
29 39
30 37
30 41
30 44
30 39
30 41
31 36
31 49
31 44
31 44
31 39
32 39
32 44
32 47
32 45
32 48
33 39
33 42
33 46
33 40
33 41
34 44
34 49
34 42
34 43
34 39
35 39
35 48
35 49
35 42
35 48
36 44
36 48
36 46
36 43
36 44
37 49
37 43
37 49
37 43
37 44
38 45
38 44
38 46
38 49
38 46
39 44
39 44
39 45
39 45
39 46
40 44
40 46
40 43
40 48
40 44
41 47
41 44
41 49
41 46
41 48
42 46
42 45
42 47
42 49
42 46
