29
108
0 1
0 2
0 3
0 4
0 5
0 6
0 7
0 8
0 9
19 28
20 28
21 28
22 28
23 28
24 28
25 28
26 28
27 28
1 16
1 16
1 18
1 10
1 11
2 20
2 26
2 10
2 22
2 21
3 19
3 20
3 12
3 20
3 27
4 13
4 15
4 12
4 25
4 10
5 26
5 12
5 17
5 12
5 18
6 11
6 25
6 15
6 20
6 15
7 14
7 25
7 19
7 23
7 25
8 21
8 13
8 21
8 19
8 23
9 13
9 26
9 15
9 13
9 16
10 24
10 23
10 21
10 24
10 21
11 20
11 22
11 21
11 27
11 22
12 21
12 19
12 19
12 26
12 21
13 23
13 22
13 25
13 21
13 24
14 20
14 21
14 25
14 23
14 21
15 21
15 26
15 27
15 24
15 20
16 24
16 20
16 23
16 27
16 23
17 25
17 26
17 24
17 27
17 25
18 19
18 27
18 23
18 19
18 26
