72
260
0 1
0 2
0 3
0 4
0 5
0 6
0 7
0 8
0 9
0 10
61 71
62 71
63 71
64 71
65 71
66 71
67 71
68 71
69 71
70 71
1 22
1 38
1 46
1 19
2 16
2 21
2 60
2 18
3 55
3 30
3 64
3 17
4 26
4 59
4 56
4 19
5 13
5 12
5 20
5 56
6 18
6 18
6 34
6 23
7 48
7 29
7 27
7 47
8 25
8 51
8 57
8 36
9 70
9 32
9 45
9 15
10 35
10 26
10 14
10 11
11 55
11 59
11 38
11 32
12 28
12 45
12 32
12 32
13 36
13 33
13 67
13 35
14 42
14 50
14 68
14 40
15 48
15 26
15 68
15 35
16 48
16 24
16 60
16 27
17 48
17 66
17 44
17 24
18 31
18 49
18 44
18 68
19 38
19 63
19 31
19 45
20 37
20 43
20 56
20 54
21 45
21 52
21 31
21 67
22 64
22 40
22 38
22 53
23 45
23 45
23 37
23 63
24 39
24 67
24 51
24 38
25 62
25 64
25 61
25 65
26 33
26 44
26 62
26 70
27 39
27 52
27 56
27 45
28 36
28 53
28 69
28 43
29 66
29 61
29 31
29 59
30 70
30 38
30 42
30 44
31 62
31 58
31 48
31 42
32 56
32 49
32 69
32 58
33 44
33 69
33 54
33 68
34 65
34 57
34 49
34 63
35 70
35 46
35 47
35 46
36 68
36 47
36 48
36 64
37 47
37 58
37 64
37 66
38 65
38 45
38 42
38 56
39 55
39 41
39 58
39 70
40 49
40 48
40 49
40 45
41 57
41 64
41 54
41 53
42 70
42 63
42 65
42 70
43 68
43 63
43 55
43 68
44 52
44 64
44 51
44 58
45 61
45 66
45 56
45 57
46 61
46 67
46 54
46 57
47 59
47 53
47 58
47 58
48 61
48 69
48 64
48 59
49 62
49 67
49 61
49 62
50 51
50 67
50 61
50 61
51 69
51 67
51 68
51 70
52 70
52 70
52 70
52 62
53 65
53 65
53 68
53 67
54 63
54 63
54 63
54 61
55 66
55 63
55 70
55 68
56 61
56 65
56 66
56 62
57 64
57 68
57 65
57 64
58 64
58 65
58 66
58 64
59 61
59 63
59 64
59 62
60 62
60 63
60 63
60 69
