32
100
0 1
0 2
0 3
0 4
0 5
0 6
0 7
0 8
0 9
0 10
21 31
22 31
23 31
24 31
25 31
26 31
27 31
28 31
29 31
30 31
1 18
1 19
1 27
1 29
2 19
2 15
2 14
2 22
3 25
3 30
3 23
3 11
4 27
4 19
4 30
4 23
5 17
5 17
5 25
5 30
6 26
6 21
6 25
6 29
7 18
7 12
7 28
7 13
8 28
8 23
8 23
8 27
9 12
9 11
9 17
9 12
10 16
10 20
10 15
10 30
11 21
11 30
11 22
11 28
12 28
12 22
12 22
12 26
13 30
13 28
13 28
13 27
14 28
14 24
14 27
14 26
15 27
15 24
15 30
15 25
16 29
16 22
16 23
16 30
17 24
17 30
17 21
17 29
18 29
18 26
18 21
18 30
19 27
19 24
19 29
19 26
20 27
20 22
20 22
20 26
