34
208
0 1
0 2
0 3
0 4
0 5
0 6
0 7
0 8
25 33
26 33
27 33
28 33
29 33
30 33
31 33
32 33
1 14
1 16
1 17
1 22
1 10
1 11
1 15
1 12
2 25
2 19
2 19
2 11
2 17
2 22
2 27
2 21
3 9
3 22
3 25
3 21
3 15
3 27
3 21
3 9
4 10
4 17
4 24
4 22
4 22
4 17
4 27
4 27
5 16
5 27
5 17
5 18
5 29
5 15
5 21
5 14
6 26
6 31
6 16
6 10
6 12
6 26
6 14
6 13
7 15
7 30
7 17
7 13
7 16
7 29
7 30
7 18
8 13
8 21
8 23
8 18
8 21
8 17
8 29
8 28
9 19
9 29
9 21
9 23
9 27
9 18
9 28
9 20
10 32
10 19
10 29
10 20
10 21
10 26
10 32
10 27
11 32
11 32
11 24
11 23
11 20
11 29
11 24
11 32
12 25
12 30
12 18
12 21
12 30
12 30
12 32
12 32
13 26
13 21
13 23
13 20
13 22
13 18
13 24
13 21
14 21
14 20
14 24
14 25
14 30
14 23
14 19
14 29
15 22
15 26
15 19
15 25
15 22
15 27
15 25
15 30
16 24
16 26
16 18
16 22
16 23
16 18
16 21
16 32
17 30
17 27
17 27
17 27
17 29
17 26
17 31
17 25
18 30
18 31
18 25
18 27
18 29
18 27
18 31
18 27
19 29
19 25
19 27
19 26
19 27
19 27
19 32
19 27
20 28
20 25
20 32
20 26
20 26
20 28
20 25
20 31
21 31
21 28
21 25
21 27
21 29
21 32
21 27
21 26
22 30
22 27
22 28
22 26
22 29
22 26
22 28
22 25
23 27
23 31
23 27
23 29
23 25
23 26
23 31
23 29
24 26
24 30
24 30
24 28
24 26
24 31
24 26
24 32
