82
580
0 1
0 2
0 3
0 4
0 5
0 6
0 7
0 8
0 9
0 10
71 81
72 81
73 81
74 81
75 81
76 81
77 81
78 81
79 81
80 81
1 20
1 52
1 56
1 59
1 45
1 69
1 45
1 72
2 21
2 23
2 26
2 58
2 43
2 20
2 43
2 52
3 71
3 54
3 37
3 77
3 47
3 62
3 57
3 33
4 69
4 72
4 38
4 58
4 40
4 54
4 40
4 61
5 37
5 15
5 39
5 13
5 16
5 15
5 75
5 26
6 39
6 20
6 15
6 71
6 41
6 48
6 55
6 43
7 33
7 11
7 40
7 69
7 74
7 16
7 33
7 74
8 19
8 73
8 51
8 61
8 46
8 23
8 41
8 14
9 39
9 12
9 17
9 44
9 28
9 11
9 72
9 57
10 32
10 18
10 59
10 63
10 55
10 45
10 25
10 19
11 65
11 44
11 50
11 80
11 42
11 72
11 33
11 62
12 44
12 26
12 62
12 41
12 58
12 55
12 75
12 56
13 28
13 61
13 22
13 35
13 73
13 25
13 53
13 24
14 32
14 54
14 76
14 57
14 48
14 51
14 67
14 25
15 66
15 36
15 24
15 27
15 80
15 29
15 61
15 35
16 34
16 42
16 56
16 71
16 68
16 42
16 38
16 67
17 74
17 31
17 74
17 66
17 35
17 46
17 69
17 47
18 71
18 57
18 75
18 39
18 27
18 61
18 43
18 72
19 77
19 38
19 71
19 68
19 46
19 51
19 22
19 51
20 64
20 49
20 33
20 44
20 62
20 51
20 30
20 55
21 31
21 45
21 62
21 36
21 73
21 43
21 44
21 63
22 39
22 78
22 41
22 47
22 48
22 75
22 68
22 56
23 65
23 70
23 53
23 72
23 42
23 47
23 63
23 68
24 35
24 75
24 43
24 67
24 35
24 64
24 53
24 38
25 79
25 35
25 45
25 71
25 49
25 58
25 53
25 57
26 55
26 66
26 73
26 74
26 60
26 62
26 50
26 46
27 54
27 74
27 38
27 65
27 40
27 70
27 54
27 47
28 64
28 66
28 33
28 71
28 50
28 57
28 80
28 48
29 63
29 46
29 38
29 31
29 73
29 62
29 57
29 49
30 47
30 51
30 44
30 79
30 33
30 65
30 44
30 56
31 79
31 71
31 52
31 70
31 42
31 46
31 46
31 78
32 43
32 68
32 68
32 62
32 47
32 69
32 61
32 49
33 44
33 48
33 80
33 58
33 70
33 78
33 58
33 78
34 79
34 71
34 76
34 63
34 66
34 52
34 70
34 56
35 42
35 41
35 45
35 76
35 78
35 51
35 73
35 41
36 70
36 52
36 54
36 76
36 80
36 75
36 45
36 75
37 74
37 76
37 44
37 55
37 73
37 61
37 53
37 63
38 51
38 80
38 45
38 68
38 51
38 74
38 43
38 45
39 67
39 48
39 80
39 56
39 58
39 72
39 48
39 79
40 75
40 62
40 75
40 66
40 56
40 71
40 60
40 41
41 56
41 53
41 76
41 70
41 55
41 68
41 73
41 75
42 77
42 77
42 75
42 68
42 73
42 77
42 72
42 61
43 76
43 73
43 66
43 53
43 66
43 74
43 74
43 70
44 65
44 68
44 55
44 62
44 60
44 66
44 52
44 57
45 68
45 69
45 76
45 64
45 78
45 68
45 80
45 75
46 57
46 74
46 54
46 71
46 71
46 67
46 51
46 66
47 51
47 66
47 61
47 66
47 59
47 76
47 55
47 65
48 55
48 59
48 68
48 64
48 74
48 62
48 70
48 53
49 80
49 57
49 66
49 78
49 67
49 57
49 64
49 65
50 51
50 59
50 55
50 63
50 75
50 55
50 70
50 67
51 72
51 62
51 62
51 73
51 67
51 76
51 77
51 71
52 76
52 77
52 64
52 61
52 68
52 75
52 65
52 77
53 74
53 62
53 64
53 80
53 68
53 79
53 74
53 68
54 67
54 78
54 80
54 73
54 64
54 70
54 69
54 75
55 71
55 70
55 67
55 70
55 77
55 76
55 80
55 72
56 72
56 76
56 72
56 79
56 70
56 68
56 67
56 63
57 69
57 63
57 74
57 77
57 61
57 67
57 64
57 68
58 76
58 76
58 72
58 71
58 77
58 61
58 66
58 79
59 70
59 64
59 68
59 79
59 71
59 68
59 70
59 74
60 63
60 74
60 64
60 64
60 61
60 71
60 79
60 70
61 73
61 72
61 76
61 75
61 71
61 71
61 74
61 76
62 76
62 76
62 77
62 74
62 76
62 74
62 73
62 77
63 79
63 80
63 75
63 80
63 77
63 77
63 73
63 71
64 80
64 79
64 75
64 72
64 79
64 73
64 71
64 73
65 76
65 78
65 77
65 76
65 79
65 71
65 72
65 76
66 78
66 80
66 80
66 75
66 73
66 72
66 71
66 71
67 73
67 78
67 72
67 72
67 74
67 77
67 72
67 75
68 75
68 78
68 76
68 75
68 72
68 79
68 77
68 78
69 76
69 75
69 73
69 76
69 77
69 76
69 74
69 74
70 77
70 75
70 78
70 71
70 76
70 71
70 74
70 80
