52
300
0 1
0 2
0 3
0 4
0 5
0 6
0 7
0 8
0 9
0 10
41 51
42 51
43 51
44 51
45 51
46 51
47 51
48 51
49 51
50 51
1 12
1 22
1 35
1 21
1 22
1 22
1 39
2 46
2 18
2 19
2 46
2 12
2 47
2 11
3 20
3 22
3 13
3 45
3 40
3 11
3 32
4 15
4 35
4 14
4 23
4 46
4 22
4 24
5 33
5 27
5 11
5 27
5 30
5 27
5 29
6 41
6 39
6 17
6 28
6 46
6 25
6 15
7 47
7 21
7 16
7 16
7 24
7 50
7 42
8 46
8 11
8 15
8 50
8 27
8 18
8 15
9 14
9 21
9 20
9 37
9 37
9 21
9 45
10 16
10 29
10 23
10 39
10 17
10 29
10 16
11 34
11 25
11 21
11 42
11 28
11 28
11 29
12 41
12 39
12 40
12 38
12 29
12 34
12 40
13 38
13 33
13 26
13 41
13 23
13 45
13 39
14 21
14 47
14 43
14 27
14 46
14 37
14 27
15 34
15 45
15 42
15 48
15 42
15 34
15 31
16 49
16 33
16 40
16 31
16 22
16 21
16 49
17 22
17 27
17 38
17 39
17 39
17 43
17 22
18 34
18 29
18 40
18 34
18 26
18 25
18 32
19 43
19 33
19 38
19 48
19 50
19 22
19 45
20 41
20 35
20 48
20 39
20 48
20 37
20 49
21 31
21 39
21 37
21 32
21 35
21 36
21 33
22 36
22 50
22 44
22 39
22 49
22 35
22 34
23 46
23 41
23 36
23 40
23 34
23 35
23 37
24 43
24 46
24 44
24 33
24 31
24 41
24 31
25 40
25 39
25 41
25 40
25 47
25 48
25 33
26 32
26 45
26 35
26 49
26 45
26 40
26 49
27 35
27 45
27 32
27 50
27 47
27 49
27 31
28 50
28 34
28 37
28 34
28 49
28 50
28 36
29 41
29 32
29 48
29 42
29 40
29 39
29 43
30 37
30 48
30 46
30 50
30 34
30 50
30 40
31 48
31 50
31 48
31 44
31 46
31 41
31 45
32 42
32 50
32 45
32 42
32 45
32 44
32 47
33 45
33 43
33 43
33 48
33 47
33 42
33 49
34 46
34 42
34 42
34 44
34 41
34 47
34 45
35 45
35 48
35 46
35 44
35 49
35 43
35 48
36 44
36 46
36 44
36 48
36 45
36 49
36 41
37 41
37 42
37 47
37 45
37 46
37 49
37 44
38 42
38 43
38 43
38 50
38 46
38 46
38 45
39 47
39 44
39 42
39 43
39 41
39 47
39 46
40 42
40 50
40 45
40 45
40 47
40 49
40 42
