26
120
0 1
0 2
0 3
0 4
0 5
0 6
19 25
20 25
21 25
22 25
23 25
24 25
1 22
1 7
1 23
1 9
1 14
1 9
2 15
2 8
2 22
2 12
2 17
2 12
3 11
3 22
3 16
3 20
3 22
3 18
4 10
4 18
4 16
4 20
4 10
4 23
5 12
5 10
5 13
5 12
5 11
5 18
6 12
6 9
6 17
6 10
6 9
6 24
7 16
7 24
7 19
7 13
7 17
7 24
8 17
8 22
8 13
8 24
8 15
8 14
9 15
9 16
9 14
9 24
9 24
9 17
10 21
10 21
10 14
10 15
10 14
10 17
11 15
11 17
11 13
11 23
11 24
11 21
12 16
12 16
12 24
12 14
12 16
12 17
13 23
13 24
13 24
13 23
13 24
13 24
14 19
14 20
14 21
14 20
14 24
14 20
15 22
15 20
15 21
15 21
15 22
15 22
16 19
16 22
16 21
16 23
16 20
16 20
17 24
17 21
17 21
17 23
17 23
17 23
18 19
18 19
18 22
18 22
18 24
18 19
