44
156
0 1
0 2
0 3
0 4
0 5
0 6
37 43
38 43
39 43
40 43
41 43
42 43
1 7
1 16
1 12
1 22
2 9
2 39
2 35
2 22
3 32
3 28
3 13
3 13
4 32
4 10
4 19
4 19
5 14
5 8
5 12
5 15
6 11
6 23
6 26
6 29
7 27
7 39
7 18
7 20
8 37
8 14
8 41
8 30
9 39
9 23
9 31
9 39
10 17
10 21
10 37
10 17
11 25
11 17
11 21
11 24
12 42
12 13
12 40
12 41
13 20
13 39
13 37
13 40
14 35
14 25
14 30
14 26
15 37
15 30
15 21
15 42
16 29
16 35
16 35
16 29
17 31
17 27
17 23
17 40
18 39
18 29
18 30
18 25
19 31
19 38
19 36
19 28
20 26
20 33
20 33
20 31
21 33
21 25
21 40
21 32
22 37
22 34
22 39
22 26
23 37
23 33
23 25
23 27
24 29
24 33
24 29
24 36
25 33
25 39
25 39
25 41
26 38
26 42
26 36
26 36
27 37
27 41
27 34
27 36
28 42
28 34
28 36
28 42
29 40
29 33
29 31
29 41
30 34
30 31
30 40
30 34
31 37
31 40
31 40
31 42
32 40
32 38
32 41
32 42
33 41
33 41
33 40
33 40
34 40
34 39
34 39
34 38
35 42
35 40
35 37
35 39
36 37
36 40
36 38
36 41
