58
406
0 1
0 2
0 3
0 4
0 5
0 6
0 7
50 57
51 57
52 57
53 57
54 57
55 57
56 57
1 15
1 53
1 45
1 12
1 29
1 54
1 11
1 16
2 34
2 18
2 30
2 22
2 12
2 30
2 13
2 13
3 54
3 52
3 53
3 13
3 46
3 46
3 53
3 42
4 41
4 12
4 43
4 9
4 18
4 14
4 22
4 26
5 16
5 15
5 35
5 37
5 17
5 44
5 45
5 43
6 54
6 23
6 14
6 10
6 51
6 19
6 20
6 48
7 14
7 16
7 9
7 8
7 10
7 55
7 47
7 43
8 31
8 24
8 56
8 18
8 49
8 40
8 36
8 36
9 48
9 55
9 24
9 50
9 56
9 52
9 28
9 37
10 47
10 48
10 16
10 55
10 43
10 27
10 37
10 54
11 28
11 53
11 54
11 52
11 21
11 16
11 43
11 35
12 23
12 43
12 38
12 15
12 26
12 16
12 37
12 15
13 54
13 44
13 49
13 51
13 39
13 20
13 31
13 29
14 51
14 31
14 25
14 37
14 43
14 46
14 34
14 54
15 40
15 36
15 49
15 25
15 28
15 27
15 24
15 50
16 41
16 45
16 50
16 52
16 25
16 42
16 44
16 48
17 36
17 43
17 42
17 54
17 34
17 52
17 38
17 49
18 24
18 47
18 55
18 24
18 22
18 25
18 49
18 40
19 51
19 54
19 55
19 22
19 24
19 34
19 27
19 55
20 22
20 55
20 27
20 38
20 53
20 49
20 29
20 32
21 35
21 50
21 29
21 24
21 22
21 23
21 28
21 24
22 34
22 54
22 31
22 55
22 41
22 49
22 29
22 42
23 30
23 48
23 54
23 30
23 46
23 45
23 35
23 46
24 56
24 53
24 32
24 52
24 45
24 33
24 48
24 29
25 38
25 40
25 38
25 50
25 41
25 52
25 45
25 46
26 49
26 31
26 56
26 46
26 51
26 56
26 31
26 53
27 47
27 41
27 54
27 36
27 29
27 45
27 37
27 40
28 41
28 41
28 35
28 29
28 29
28 39
28 29
28 38
29 50
29 37
29 43
29 48
29 39
29 36
29 56
29 36
30 45
30 55
30 53
30 37
30 47
30 40
30 40
30 42
31 45
31 50
31 42
31 50
31 50
31 48
31 41
31 41
32 39
32 40
32 53
32 51
32 36
32 45
32 44
32 48
33 46
33 51
33 37
33 47
33 51
33 36
33 47
33 39
34 53
34 44
34 39
34 41
34 46
34 41
34 47
34 55
35 55
35 51
35 46
35 48
35 43
35 51
35 51
35 44
36 47
36 55
36 51
36 52
36 50
36 45
36 51
36 51
37 54
37 50
37 55
37 46
37 44
37 52
37 55
37 52
38 44
38 44
38 49
38 47
38 49
38 53
38 43
38 53
39 53
39 47
39 56
39 44
39 53
39 44
39 50
39 43
40 56
40 44
40 53
40 47
40 47
40 45
40 55
40 56
41 50
41 53
41 45
41 49
41 48
41 55
41 45
41 48
42 56
42 51
42 52
42 47
42 45
42 51
42 43
42 55
43 55
43 56
43 54
43 51
43 50
43 55
43 50
43 54
44 56
44 51
44 51
44 51
44 51
44 54
44 50
44 51
45 50
45 51
45 51
45 54
45 56
45 53
45 52
45 54
46 52
46 52
46 51
46 54
46 51
46 56
46 51
46 56
47 55
47 55
47 56
47 54
47 53
47 56
47 56
47 51
48 55
48 56
48 52
48 56
48 53
48 51
48 50
48 52
49 50
49 51
49 56
49 54
49 52
49 56
49 51
49 54
