66
240
0 1
0 2
0 3
0 4
0 5
0 6
0 7
0 8
57 65
58 65
59 65
60 65
61 65
62 65
63 65
64 65
1 16
1 59
1 42
1 55
2 56
2 42
2 47
2 24
3 15
3 10
3 13
3 9
4 17
4 12
4 49
4 41
5 31
5 47
5 59
5 14
6 53
6 42
6 23
6 32
7 56
7 43
7 22
7 34
8 64
8 48
8 11
8 55
9 18
9 28
9 61
9 17
10 22
10 52
10 40
10 60
11 29
11 52
11 21
11 22
12 63
12 37
12 38
12 22
13 44
13 49
13 27
13 56
14 26
14 33
14 23
14 57
15 20
15 20
15 42
15 19
16 35
16 52
16 57
16 37
17 48
17 37
17 37
17 53
18 64
18 45
18 40
18 61
19 48
19 52
19 50
19 31
20 57
20 31
20 44
20 28
21 63
21 54
21 43
21 57
22 54
22 57
22 57
22 25
23 52
23 43
23 27
23 30
24 46
24 51
24 58
24 29
25 64
25 63
25 33
25 39
26 59
26 33
26 59
26 42
27 36
27 52
27 40
27 60
28 35
28 43
28 63
28 49
29 56
29 57
29 57
29 38
30 41
30 58
30 54
30 44
31 36
31 41
31 34
31 49
32 51
32 59
32 46
32 50
33 57
33 54
33 41
33 59
34 62
34 43
34 45
34 58
35 63
35 52
35 45
35 57
36 47
36 60
36 57
36 54
37 60
37 58
37 59
37 53
38 59
38 57
38 48
38 62
39 57
39 41
39 54
39 43
40 60
40 59
40 53
40 44
41 57
41 53
41 63
41 54
42 55
42 59
42 55
42 61
43 62
43 52
43 53
43 60
44 63
44 62
44 50
44 50
45 63
45 60
45 62
45 57
46 60
46 54
46 54
46 52
47 62
47 51
47 63
47 49
48 62
48 59
48 61
48 54
49 63
49 59
49 59
49 61
50 61
50 58
50 58
50 58
51 61
51 62
51 62
51 59
52 59
52 63
52 60
52 57
53 58
53 58
53 57
53 62
54 63
54 62
54 57
54 60
55 57
55 63
55 61
55 62
56 57
56 57
56 59
56 63
