30
176
0 1
0 2
0 3
0 4
25 29
26 29
27 29
28 29
1 5
1 15
1 10
1 26
1 22
1 15
1 23
2 10
2 23
2 24
2 16
2 12
2 24
2 28
3 25
3 7
3 6
3 8
3 23
3 24
3 19
4 27
4 11
4 8
4 26
4 14
4 19
4 10
5 10
5 12
5 9
5 22
5 11
5 10
5 16
6 24
6 25
6 14
6 13
6 11
6 21
6 20
7 26
7 21
7 23
7 10
7 15
7 24
7 26
8 17
8 24
8 28
8 11
8 26
8 12
8 25
9 23
9 14
9 26
9 24
9 25
9 19
9 26
10 23
10 24
10 25
10 15
10 24
10 18
10 27
11 26
11 15
11 19
11 20
11 15
11 17
11 17
12 25
12 17
12 18
12 21
12 20
12 18
12 15
13 25
13 17
13 19
13 28
13 22
13 21
13 23
14 26
14 23
14 24
14 21
14 22
14 28
14 27
15 26
15 22
15 17
15 19
15 20
15 27
15 26
16 26
16 20
16 23
16 22
16 24
16 20
16 26
17 27
17 21
17 28
17 27
17 21
17 23
17 22
18 22
18 23
18 21
18 28
18 21
18 24
18 28
19 22
19 24
19 22
19 27
19 21
19 22
19 22
20 28
20 21
20 23
20 21
20 24
20 21
20 26
21 27
21 25
21 27
21 25
21 25
21 26
21 27
22 26
22 28
22 25
22 27
22 26
22 25
22 26
23 26
23 28
23 25
23 28
23 27
23 26
23 26
24 27
24 28
24 27
24 26
24 28
24 26
24 26
