72
620
0 1
0 2
0 3
0 4
0 5
0 6
0 7
0 8
0 9
0 10
61 71
62 71
63 71
64 71
65 71
66 71
67 71
68 71
69 71
70 71
1 29
1 44
1 51
1 63
1 36
1 43
1 20
1 20
1 45
1 13
2 19
2 56
2 43
2 51
2 32
2 17
2 38
2 26
2 44
2 44
3 26
3 35
3 26
3 18
3 16
3 48
3 30
3 62
3 23
3 39
4 42
4 42
4 64
4 22
4 34
4 21
4 47
4 35
4 30
4 21
5 38
5 31
5 66
5 62
5 11
5 20
5 68
5 31
5 27
5 34
6 56
6 34
6 58
6 12
6 42
6 64
6 49
6 61
6 47
6 61
7 22
7 18
7 24
7 67
7 21
7 39
7 70
7 57
7 64
7 21
8 59
8 23
8 41
8 47
8 14
8 34
8 56
8 63
8 46
8 12
9 26
9 31
9 35
9 66
9 24
9 58
9 51
9 54
9 41
9 27
10 37
10 44
10 26
10 50
10 40
10 36
10 19
10 39
10 15
10 64
11 52
11 35
11 56
11 52
11 51
11 31
11 25
11 26
11 25
11 32
12 59
12 41
12 33
12 26
12 48
12 48
12 23
12 58
12 22
12 23
13 44
13 58
13 56
13 69
13 27
13 48
13 56
13 57
13 58
13 22
14 70
14 39
14 37
14 57
14 23
14 67
14 67
14 29
14 25
14 22
15 41
15 63
15 44
15 55
15 70
15 21
15 32
15 23
15 60
15 33
16 27
16 33
16 70
16 65
16 33
16 29
16 44
16 68
16 65
16 33
17 70
17 65
17 54
17 38
17 51
17 56
17 34
17 50
17 64
17 40
18 53
18 34
18 35
18 28
18 68
18 34
18 30
18 32
18 38
18 69
19 44
19 45
19 31
19 46
19 41
19 45
19 54
19 66
19 42
19 50
20 28
20 43
20 46
20 61
20 60
20 27
20 48
20 26
20 58
20 42
21 35
21 60
21 67
21 49
21 49
21 57
21 35
21 58
21 48
21 42
22 66
22 33
22 48
22 68
22 48
22 58
22 42
22 43
22 35
22 55
23 33
23 35
23 60
23 60
23 35
23 59
23 66
23 53
23 66
23 55
24 36
24 63
24 36
24 32
24 33
24 54
24 58
24 37
24 41
24 67
25 49
25 68
25 70
25 66
25 65
25 39
25 46
25 68
25 44
25 50
26 53
26 46
26 46
26 42
26 67
26 51
26 62
26 63
26 65
26 50
27 39
27 70
27 42
27 45
27 63
27 36
27 68
27 51
27 43
27 31
28 39
28 61
28 68
28 38
28 48
28 55
28 47
28 63
28 44
28 60
29 35
29 58
29 67
29 50
29 69
29 63
29 62
29 53
29 47
29 48
30 64
30 56
30 47
30 67
30 62
30 32
30 32
30 59
30 44
30 44
31 49
31 42
31 56
31 57
31 70
31 56
31 63
31 68
31 70
31 46
32 49
32 44
32 64
32 67
32 46
32 64
32 51
32 59
32 58
32 58
33 57
33 41
33 55
33 45
33 57
33 56
33 68
33 51
33 46
33 51
34 46
34 55
34 53
34 62
34 63
34 52
34 47
34 47
34 41
34 46
35 52
35 49
35 42
35 67
35 67
35 69
35 61
35 47
35 49
35 70
36 56
36 57
36 41
36 70
36 54
36 49
36 47
36 51
36 51
36 45
37 62
37 57
37 59
37 44
37 70
37 43
37 47
37 68
37 41
37 69
38 65
38 52
38 69
38 66
38 41
38 65
38 56
38 61
38 41
38 57
39 60
39 57
39 43
39 52
39 48
39 56
39 53
39 47
39 59
39 63
40 51
40 50
40 41
40 61
40 45
40 70
40 63
40 51
40 67
40 63
41 69
41 52
41 66
41 69
41 69
41 66
41 53
41 67
41 58
41 63
42 53
42 70
42 51
42 57
42 61
42 61
42 63
42 65
42 67
42 61
43 60
43 57
43 52
43 60
43 67
43 66
43 70
43 51
43 58
43 68
44 65
44 68
44 69
44 60
44 66
44 60
44 68
44 68
44 56
44 55
45 52
45 58
45 54
45 53
45 56
45 57
45 63
45 60
45 63
45 51
46 62
46 52
46 57
46 63
46 62
46 65
46 58
46 53
46 65
46 65
47 70
47 59
47 62
47 69
47 60
47 69
47 70
47 57
47 66
47 55
48 54
48 68
48 54
48 57
48 62
48 59
48 55
48 66
48 69
48 68
49 66
49 60
49 69
49 52
49 65
49 52
49 66
49 64
49 54
49 52
50 59
50 54
50 60
50 62
50 64
50 69
50 61
50 63
50 68
50 68
51 69
51 61
51 65
51 62
51 69
51 68
51 62
51 64
51 63
51 62
52 63
52 68
52 62
52 61
52 61
52 68
52 65
52 68
52 61
52 68
53 69
53 61
53 63
53 70
53 63
53 68
53 61
53 65
53 70
53 68
54 64
54 70
54 70
54 61
54 61
54 68
54 68
54 65
54 63
54 63
55 66
55 65
55 62
55 69
55 68
55 63
55 66
55 62
55 62
55 67
56 61
56 63
56 67
56 64
56 64
56 61
56 61
56 64
56 67
56 63
57 63
57 61
57 62
57 62
57 61
57 65
57 62
57 68
57 69
57 64
58 62
58 64
58 61
58 64
58 63
58 68
58 68
58 68
58 69
58 61
59 64
59 69
59 63
59 63
59 64
59 67
59 63
59 65
59 62
59 70
60 69
60 65
60 70
60 70
60 68
60 62
60 64
60 69
60 61
60 62
