38
126
0 1
0 2
0 3
0 4
0 5
0 6
0 7
0 8
0 9
28 37
29 37
30 37
31 37
32 37
33 37
34 37
35 37
36 37
1 14
1 12
1 19
1 13
2 12
2 22
2 23
2 36
3 11
3 25
3 15
3 33
4 34
4 25
4 25
4 26
5 21
5 29
5 13
5 25
6 12
6 10
6 16
6 29
7 17
7 20
7 33
7 14
8 13
8 20
8 18
8 34
9 11
9 28
9 10
9 14
10 29
10 33
10 22
10 21
11 19
11 25
11 33
11 32
12 22
12 30
12 21
12 23
13 20
13 32
13 29
13 31
14 23
14 33
14 21
14 30
15 24
15 36
15 24
15 25
16 35
16 23
16 22
16 34
17 21
17 23
17 27
17 31
18 35
18 29
18 33
18 35
19 35
19 30
19 29
19 28
20 30
20 31
20 32
20 32
21 33
21 31
21 35
21 35
22 28
22 29
22 29
22 31
23 35
23 32
23 28
23 31
24 34
24 30
24 28
24 28
25 32
25 35
25 31
25 30
26 36
26 35
26 35
26 34
27 28
27 34
27 34
27 30
