62
320
0 1
0 2
0 3
0 4
0 5
0 6
0 7
0 8
0 9
0 10
51 61
52 61
53 61
54 61
55 61
56 61
57 61
58 61
59 61
60 61
1 13
1 30
1 58
1 37
1 24
1 31
2 20
2 28
2 48
2 17
2 39
2 34
3 40
3 16
3 56
3 14
3 15
3 49
4 43
4 21
4 40
4 41
4 33
4 46
5 41
5 35
5 47
5 49
5 17
5 15
6 32
6 19
6 34
6 31
6 47
6 50
7 54
7 56
7 17
7 41
7 12
7 45
8 16
8 43
8 52
8 11
8 49
8 57
9 52
9 31
9 17
9 33
9 12
9 39
10 18
10 42
10 16
10 55
10 33
10 22
11 41
11 46
11 52
11 44
11 28
11 29
12 55
12 41
12 26
12 41
12 33
12 28
13 25
13 58
13 22
13 29
13 51
13 30
14 25
14 42
14 53
14 33
14 44
14 46
15 53
15 54
15 57
15 58
15 38
15 21
16 31
16 58
16 38
16 23
16 33
16 46
17 23
17 28
17 26
17 28
17 40
17 31
18 27
18 37
18 28
18 29
18 45
18 50
19 30
19 41
19 31
19 22
19 53
19 47
20 47
20 45
20 40
20 36
20 43
20 49
21 38
21 53
21 58
21 46
21 47
21 42
22 53
22 49
22 39
22 48
22 49
22 31
23 50
23 55
23 37
23 38
23 35
23 31
24 39
24 47
24 51
24 52
24 60
24 55
25 48
25 39
25 39
25 39
25 54
25 51
26 49
26 53
26 36
26 46
26 60
26 52
27 57
27 52
27 33
27 58
27 32
27 51
28 58
28 51
28 37
28 34
28 50
28 34
29 56
29 59
29 50
29 38
29 50
29 41
30 32
30 59
30 49
30 32
30 37
30 34
31 45
31 55
31 47
31 60
31 42
31 46
32 53
32 58
32 48
32 55
32 55
32 49
33 57
33 44
33 51
33 46
33 49
33 51
34 49
34 46
34 49
34 60
34 43
34 60
35 60
35 56
35 58
35 49
35 50
35 46
36 44
36 54
36 52
36 50
36 45
36 53
37 48
37 57
37 50
37 47
37 44
37 57
38 47
38 60
38 60
38 57
38 45
38 41
39 47
39 45
39 46
39 47
39 56
39 41
40 46
40 48
40 48
40 55
40 48
40 57
41 60
41 51
41 52
41 51
41 51
41 56
42 53
42 60
42 53
42 55
42 56
42 58
43 51
43 52
43 57
43 52
43 58
43 54
44 52
44 57
44 60
44 58
44 55
44 56
45 58
45 51
45 55
45 57
45 57
45 52
46 54
46 57
46 52
46 55
46 57
46 54
47 51
47 52
47 55
47 55
47 56
47 60
48 52
48 58
48 53
48 60
48 51
48 53
49 55
49 53
49 59
49 55
49 52
49 55
50 52
50 51
50 57
50 56
50 57
50 54
