37
98
0 1
0 2
0 3
0 4
0 5
0 6
0 7
29 36
30 36
31 36
32 36
33 36
34 36
35 36
1 10
1 13
1 12
2 16
2 20
2 26
3 24
3 27
3 25
4 19
4 27
4 8
5 9
5 14
5 11
6 22
6 13
6 35
7 11
7 15
7 25
8 26
8 15
8 24
9 29
9 28
9 19
10 15
10 28
10 23
11 23
11 31
11 21
12 18
12 25
12 18
13 30
13 25
13 21
14 31
14 22
14 17
15 29
15 31
15 30
16 32
16 29
16 35
17 32
17 30
17 26
18 33
18 28
18 32
19 33
19 35
19 22
20 35
20 35
20 35
21 29
21 34
21 35
22 33
22 31
22 30
23 29
23 30
23 33
24 35
24 32
24 34
25 30
25 30
25 34
26 32
26 33
26 32
27 29
27 34
27 34
28 34
28 29
28 33
