23
168
0 1
0 2
0 3
19 22
20 22
21 22
1 17
1 11
1 21
1 17
1 13
1 6
1 5
1 11
1 6
2 21
2 15
2 10
2 15
2 12
2 16
2 8
2 4
2 20
3 8
3 9
3 12
3 11
3 10
3 6
3 20
3 4
3 12
4 12
4 17
4 7
4 9
4 11
4 17
4 9
4 15
4 15
5 15
5 12
5 16
5 12
5 21
5 13
5 16
5 8
5 19
6 17
6 21
6 11
6 21
6 21
6 10
6 18
6 7
6 17
7 14
7 20
7 21
7 14
7 11
7 11
7 15
7 17
7 18
8 11
8 11
8 12
8 16
8 13
8 14
8 20
8 20
8 12
9 18
9 11
9 16
9 10
9 10
9 11
9 14
9 10
9 16
10 13
10 16
10 16
10 14
10 15
10 19
10 14
10 14
10 21
11 16
11 19
11 14
11 16
11 21
11 19
11 18
11 16
11 16
12 21
12 15
12 14
12 14
12 17
12 19
12 15
12 18
12 17
13 16
13 19
13 18
13 20
13 17
13 18
13 19
13 19
13 20
14 16
14 18
14 19
14 16
14 18
14 18
14 17
14 18
14 18
15 20
15 18
15 18
15 19
15 17
15 17
15 21
15 18
15 16
16 19
16 21
16 21
16 21
16 19
16 20
16 21
16 21
16 21
17 20
17 21
17 19
17 19
17 19
17 21
17 20
17 19
17 21
18 20
18 21
18 20
18 19
18 20
18 20
18 21
18 21
18 19
