22
100
0 1
0 2
0 3
0 4
0 5
16 21
17 21
18 21
19 21
20 21
1 18
1 6
1 17
1 9
1 10
1 13
2 7
2 12
2 15
2 20
2 6
2 16
3 20
3 19
3 8
3 12
3 8
3 8
4 18
4 18
4 13
4 17
4 7
4 11
5 17
5 7
5 6
5 20
5 10
5 20
6 11
6 20
6 12
6 18
6 18
6 12
7 12
7 16
7 20
7 18
7 18
7 17
8 18
8 14
8 17
8 16
8 17
8 14
9 20
9 15
9 19
9 12
9 13
9 20
10 14
10 20
10 11
10 19
10 19
10 16
11 16
11 20
11 17
11 19
11 19
11 16
12 17
12 17
12 17
12 16
12 20
12 19
13 20
13 19
13 17
13 16
13 19
13 16
14 20
14 20
14 20
14 20
14 18
14 17
15 19
15 17
15 18
15 16
15 20
15 17
