42
290
0 1
0 2
0 3
0 4
0 5
0 6
0 7
0 8
0 9
0 10
31 41
32 41
33 41
34 41
35 41
36 41
37 41
38 41
39 41
40 41
1 11
1 17
1 13
1 40
1 20
1 21
1 19
1 22
1 14
2 22
2 32
2 21
2 24
2 25
2 21
2 14
2 30
2 22
3 40
3 27
3 20
3 14
3 24
3 29
3 31
3 36
3 37
4 37
4 25
4 11
4 21
4 25
4 17
4 23
4 17
4 18
5 26
5 17
5 30
5 29
5 28
5 13
5 39
5 33
5 20
6 20
6 37
6 31
6 23
6 28
6 17
6 32
6 24
6 23
7 12
7 36
7 40
7 30
7 32
7 25
7 30
7 12
7 31
8 28
8 16
8 29
8 28
8 31
8 35
8 39
8 11
8 15
9 33
9 40
9 37
9 12
9 11
9 25
9 33
9 23
9 13
10 31
10 36
10 26
10 13
10 30
10 21
10 13
10 19
10 34
11 39
11 31
11 25
11 31
11 30
11 22
11 40
11 37
11 33
12 36
12 35
12 25
12 40
12 30
12 34
12 37
12 31
12 36
13 21
13 23
13 40
13 25
13 34
13 26
13 22
13 28
13 25
14 34
14 22
14 35
14 27
14 40
14 25
14 23
14 23
14 27
15 25
15 22
15 23
15 29
15 29
15 30
15 33
15 29
15 39
16 39
16 37
16 29
16 34
16 29
16 24
16 34
16 34
16 29
17 31
17 35
17 28
17 27
17 29
17 30
17 21
17 27
17 29
18 38
18 30
18 31
18 24
18 34
18 24
18 38
18 34
18 33
19 27
19 26
19 33
19 37
19 36
19 29
19 38
19 30
19 37
20 21
20 35
20 22
20 21
20 25
20 29
20 28
20 31
20 29
21 37
21 33
21 35
21 38
21 40
21 34
21 40
21 33
21 39
22 34
22 31
22 32
22 38
22 39
22 40
22 32
22 36
22 35
23 40
23 33
23 36
23 38
23 35
23 40
23 40
23 35
23 36
24 40
24 34
24 36
24 38
24 31
24 39
24 32
24 40
24 40
25 38
25 39
25 33
25 36
25 34
25 35
25 40
25 31
25 33
26 31
26 32
26 40
26 37
26 33
26 32
26 33
26 31
26 38
27 34
27 32
27 32
27 40
27 31
27 36
27 37
27 38
27 38
28 35
28 31
28 37
28 35
28 38
28 35
28 39
28 36
28 39
29 33
29 37
29 31
29 37
29 37
29 35
29 37
29 33
29 39
30 40
30 37
30 31
30 38
30 31
30 32
30 31
30 32
30 34
