42
320
0 1
0 2
0 3
0 4
0 5
0 6
0 7
0 8
0 9
0 10
31 41
32 41
33 41
34 41
35 41
36 41
37 41
38 41
39 41
40 41
1 21
1 25
1 17
1 23
1 17
1 18
1 26
1 17
1 30
1 29
2 28
2 13
2 39
2 33
2 20
2 20
2 37
2 31
2 23
2 28
3 17
3 32
3 24
3 23
3 12
3 36
3 40
3 30
3 32
3 25
4 30
4 12
4 31
4 28
4 16
4 29
4 28
4 31
4 35
4 39
5 11
5 15
5 33
5 40
5 37
5 12
5 11
5 25
5 33
5 23
6 13
6 31
6 36
6 26
6 13
6 30
6 21
6 13
6 19
6 34
7 19
7 31
7 35
7 31
7 40
7 32
7 20
7 27
7 23
7 36
8 25
8 15
8 40
8 40
8 14
8 37
8 11
8 36
8 21
8 33
9 40
9 15
9 24
9 36
9 22
9 18
9 25
9 24
9 12
9 25
10 17
10 20
10 15
10 33
10 33
10 37
10 25
10 12
10 23
10 29
11 29
11 30
11 33
11 29
11 39
11 39
11 37
11 29
11 34
11 29
12 24
12 34
12 34
12 29
12 31
12 35
12 28
12 27
12 29
12 30
13 21
13 27
13 29
13 38
13 30
13 31
13 24
13 34
13 24
13 38
14 34
14 33
14 27
14 26
14 33
14 37
14 36
14 29
14 38
14 30
15 37
15 21
15 35
15 22
15 21
15 25
15 29
15 28
15 31
15 29
16 37
16 23
16 35
16 38
16 40
16 24
16 40
16 23
16 29
16 24
17 21
17 22
17 28
17 39
17 40
17 32
17 36
17 35
17 40
17 33
18 36
18 28
18 25
18 30
18 30
18 25
18 26
18 30
18 24
18 36
19 38
19 21
19 39
19 32
19 30
19 30
19 28
19 29
19 33
19 36
20 24
20 25
20 30
20 31
20 23
20 21
20 22
20 30
20 27
20 33
21 32
21 33
21 31
21 38
21 34
21 32
21 32
21 40
21 31
21 36
22 37
22 38
22 38
22 35
22 31
22 37
22 35
22 38
22 35
22 39
23 36
23 39
23 33
23 37
23 31
23 37
23 37
23 35
23 37
23 33
24 39
24 40
24 37
24 31
24 38
24 31
24 32
24 31
24 32
24 34
25 38
25 38
25 33
25 37
25 35
25 36
25 33
25 31
25 33
25 40
26 31
26 40
26 40
26 35
26 36
26 32
26 31
26 34
26 38
26 39
27 39
27 37
27 31
27 35
27 37
27 38
27 37
27 31
27 40
27 38
28 36
28 40
28 38
28 39
28 36
28 34
28 34
28 39
28 34
28 38
29 40
29 34
29 38
29 39
29 38
29 35
29 32
29 40
29 31
29 40
30 39
30 39
30 36
30 39
30 35
30 34
30 38
30 32
30 34
30 39
