56
288
0 1
0 2
0 3
0 4
0 5
0 6
0 7
0 8
0 9
46 55
47 55
48 55
49 55
50 55
51 55
52 55
53 55
54 55
1 17
1 47
1 12
1 11
1 34
1 35
2 42
2 15
2 37
2 34
2 15
2 44
3 19
3 54
3 30
3 21
3 15
3 43
4 37
4 53
4 53
4 11
4 35
4 44
5 21
5 37
5 16
5 35
5 29
5 27
6 25
6 44
6 27
6 28
6 45
6 13
7 53
7 33
7 18
7 42
7 19
7 23
8 32
8 28
8 22
8 14
8 46
8 34
9 10
9 29
9 33
9 53
9 30
9 13
10 49
10 48
10 20
10 20
10 28
10 37
11 53
11 26
11 44
11 50
11 24
11 26
12 53
12 29
12 20
12 50
12 34
12 29
13 25
13 45
13 27
13 26
13 48
13 34
14 24
14 48
14 53
14 54
14 26
14 26
15 46
15 20
15 36
15 27
15 37
15 45
16 45
16 36
16 32
16 35
16 47
16 53
17 22
17 46
17 27
17 23
17 21
17 23
18 49
18 28
18 49
18 37
18 35
18 22
19 43
19 47
19 51
19 31
19 46
19 40
20 45
20 53
20 40
20 44
20 34
20 31
21 42
21 50
21 48
21 44
21 46
21 39
22 43
22 49
22 39
22 31
22 33
22 39
23 53
23 34
23 48
23 28
23 32
23 47
24 40
24 36
24 28
24 53
24 39
24 47
25 54
25 30
25 34
25 39
25 35
25 41
26 43
26 49
26 36
26 52
26 39
26 43
27 36
27 54
27 37
27 36
27 30
27 31
28 39
28 45
28 37
28 48
28 45
28 48
29 38
29 46
29 38
29 48
29 44
29 39
30 40
30 44
30 39
30 37
30 44
30 37
31 48
31 48
31 41
31 45
31 37
31 43
32 42
32 52
32 40
32 40
32 50
32 40
33 43
33 50
33 48
33 41
33 43
33 54
34 52
34 45
34 46
34 54
34 38
34 51
35 38
35 39
35 38
35 40
35 37
35 46
36 38
36 49
36 39
36 42
36 37
36 37
37 46
37 52
37 51
37 47
37 53
37 46
38 51
38 51
38 50
38 51
38 46
38 47
39 49
39 51
39 53
39 47
39 48
39 54
40 52
40 49
40 47
40 54
40 50
40 46
41 52
41 51
41 49
41 52
41 46
41 47
42 53
42 46
42 51
42 49
42 48
42 50
43 47
43 51
43 46
43 49
43 54
43 53
44 50
44 48
44 47
44 49
44 49
44 49
45 46
45 54
45 52
45 46
45 53
45 54
