51
434
0 1
0 2
0 3
0 4
0 5
0 6
0 7
43 50
44 50
45 50
46 50
47 50
48 50
49 50
1 38
1 16
1 39
1 18
1 47
1 34
1 26
1 32
1 20
1 44
2 12
2 34
2 48
2 33
2 8
2 27
2 47
2 46
2 20
2 10
3 38
3 30
3 23
3 9
3 21
3 38
3 18
3 48
3 36
3 30
4 25
4 22
4 38
4 13
4 30
4 33
4 39
4 48
4 13
4 49
5 42
5 17
5 32
5 38
5 40
5 32
5 15
5 38
5 28
5 25
6 40
6 14
6 48
6 11
6 15
6 17
6 39
6 25
6 15
6 23
7 45
7 33
7 35
7 33
7 36
7 15
7 14
7 23
7 14
7 20
8 15
8 41
8 48
8 16
8 44
8 39
8 33
8 49
8 20
8 23
9 39
9 29
9 48
9 42
9 24
9 42
9 37
9 27
9 29
9 29
10 43
10 39
10 38
10 19
10 20
10 38
10 20
10 25
10 39
10 40
11 49
11 16
11 43
11 47
11 18
11 37
11 36
11 48
11 49
11 18
12 34
12 38
12 33
12 32
12 30
12 42
12 36
12 29
12 31
12 28
13 20
13 36
13 29
13 43
13 41
13 46
13 31
13 46
13 21
13 32
14 48
14 32
14 34
14 41
14 30
14 49
14 29
14 28
14 47
14 28
15 46
15 22
15 42
15 41
15 26
15 48
15 40
15 45
15 25
15 26
16 44
16 38
16 34
16 44
16 38
16 44
16 27
16 39
16 40
16 24
17 26
17 38
17 35
17 45
17 36
17 48
17 28
17 48
17 47
17 24
18 38
18 43
18 24
18 42
18 46
18 40
18 40
18 36
18 36
18 28
19 25
19 30
19 44
19 49
19 37
19 32
19 43
19 26
19 33
19 45
20 28
20 38
20 33
20 41
20 45
20 31
20 23
20 24
20 42
20 49
21 26
21 42
21 26
21 28
21 47
21 23
21 47
21 49
21 49
21 45
22 48
22 45
22 32
22 35
22 30
22 38
22 30
22 42
22 49
22 34
23 44
23 35
23 29
23 46
23 38
23 30
23 49
23 33
23 46
23 39
24 30
24 43
24 36
24 41
24 47
24 33
24 35
24 42
24 40
24 33
25 30
25 38
25 47
25 32
25 45
25 49
25 41
25 44
25 41
25 41
26 49
26 34
26 45
26 48
26 30
26 31
26 49
26 48
26 33
26 45
27 37
27 34
27 36
27 45
27 45
27 31
27 47
27 49
27 45
27 37
28 32
28 46
28 45
28 30
28 47
28 40
28 48
28 39
28 34
28 37
29 42
29 45
29 49
29 49
29 36
29 44
29 42
29 40
29 42
29 40
30 47
30 49
30 36
30 47
30 42
30 38
30 41
30 46
30 45
30 43
31 48
31 41
31 44
31 48
31 40
31 49
31 36
31 45
31 43
31 46
32 47
32 47
32 41
32 44
32 44
32 40
32 38
32 36
32 44
32 43
33 40
33 40
33 42
33 41
33 49
33 48
33 41
33 40
33 44
33 36
34 47
34 40
34 40
34 42
34 38
34 44
34 39
34 38
34 38
34 44
35 48
35 47
35 41
35 38
35 41
35 47
35 42
35 44
35 47
35 48
36 44
36 43
36 45
36 43
36 46
36 45
36 46
36 44
36 49
36 47
37 45
37 45
37 43
37 47
37 49
37 45
37 48
37 45
37 46
37 48
38 46
38 49
38 45
38 49
38 44
38 44
38 46
38 43
38 43
38 48
39 47
39 49
39 48
39 49
39 49
39 44
39 49
39 43
39 44
39 49
40 47
40 46
40 44
40 45
40 48
40 43
40 46
40 44
40 43
40 49
41 43
41 44
41 48
41 45
41 48
41 43
41 44
41 49
41 48
41 44
42 47
42 45
42 43
42 46
42 43
42 47
42 45
42 49
42 47
42 46
