66
296
0 1
0 2
0 3
0 4
0 5
0 6
0 7
0 8
57 65
58 65
59 65
60 65
61 65
62 65
63 65
64 65
1 31
1 46
1 54
1 9
1 57
2 19
2 15
2 12
2 53
2 62
3 11
3 35
3 16
3 56
3 44
4 57
4 28
4 50
4 12
4 43
5 37
5 25
5 19
5 9
5 61
6 17
6 14
6 10
6 18
6 13
7 45
7 24
7 34
7 18
7 25
8 26
8 12
8 15
8 13
8 57
9 29
9 24
9 35
9 60
9 39
10 22
10 29
10 58
10 48
10 40
11 60
11 28
11 32
11 46
11 20
12 37
12 62
12 42
12 30
12 32
13 54
13 26
13 39
13 48
13 52
14 47
14 17
14 23
14 46
14 54
15 31
15 26
15 61
15 17
15 21
16 35
16 23
16 33
16 45
16 22
17 56
17 40
17 25
17 40
17 46
18 52
18 28
18 43
18 37
18 57
19 26
19 27
19 34
19 49
19 50
20 53
20 55
20 26
20 36
20 44
21 63
21 26
21 29
21 51
21 43
22 50
22 38
22 49
22 58
22 58
23 38
23 42
23 33
23 38
23 57
24 54
24 25
24 52
24 25
24 30
25 52
25 34
25 56
25 37
25 58
26 41
26 58
26 49
26 42
26 37
27 36
27 49
27 62
27 33
27 51
28 40
28 34
28 56
28 40
28 35
29 57
29 61
29 60
29 50
29 50
30 60
30 47
30 59
30 55
30 63
31 64
31 42
31 33
31 55
31 47
32 58
32 63
32 40
32 42
32 40
33 52
33 54
33 56
33 49
33 54
34 43
34 41
34 55
34 58
34 56
35 41
35 43
35 53
35 45
35 44
36 54
36 56
36 58
36 56
36 63
37 57
37 47
37 64
37 57
37 61
38 46
38 42
38 43
38 61
38 44
39 43
39 48
39 49
39 58
39 49
40 62
40 52
40 41
40 44
40 46
41 56
41 52
41 56
41 60
41 64
42 51
42 50
42 56
42 60
42 49
43 54
43 52
43 64
43 61
43 60
44 52
44 51
44 62
44 55
44 63
45 57
45 49
45 55
45 49
45 50
46 55
46 54
46 62
46 55
46 57
47 59
47 62
47 60
47 50
47 58
48 60
48 52
48 59
48 51
48 63
49 59
49 64
49 59
49 58
49 60
50 62
50 62
50 62
50 59
50 60
51 61
51 59
51 60
51 59
51 59
52 61
52 57
52 64
52 58
52 63
53 64
53 60
53 60
53 60
53 61
54 61
54 63
54 64
54 63
54 57
55 63
55 58
55 64
55 57
55 59
56 59
56 62
56 64
56 57
56 57
