38
288
0 1
0 2
0 3
0 4
0 5
0 6
0 7
0 8
0 9
28 37
29 37
30 37
31 37
32 37
33 37
34 37
35 37
36 37
1 29
1 26
1 28
1 35
1 24
1 35
1 29
1 22
1 16
1 20
2 33
2 14
2 15
2 17
2 15
2 14
2 16
2 10
2 35
2 20
3 18
3 36
3 34
3 16
3 27
3 18
3 36
3 32
3 20
3 20
4 15
4 28
4 10
4 22
4 15
4 13
4 20
4 35
4 14
4 26
5 34
5 10
5 19
5 12
5 33
5 14
5 33
5 12
5 30
5 31
6 12
6 11
6 20
6 36
6 18
6 10
6 33
6 33
6 32
6 32
7 16
7 10
7 24
7 16
7 12
7 18
7 35
7 22
7 32
7 12
8 28
8 19
8 28
8 10
8 21
8 25
8 30
8 33
8 16
8 24
9 17
9 34
9 25
9 27
9 33
9 22
9 16
9 30
9 18
9 11
10 25
10 25
10 27
10 19
10 20
10 29
10 35
10 19
10 31
10 30
11 28
11 29
11 21
11 29
11 36
11 22
11 24
11 21
11 34
11 19
12 35
12 21
12 26
12 21
12 27
12 20
12 34
12 24
12 29
12 24
13 23
13 34
13 28
13 32
13 34
13 30
13 22
13 30
13 28
13 32
14 22
14 35
14 24
14 22
14 25
14 24
14 23
14 30
14 24
14 21
15 29
15 22
15 21
15 36
15 22
15 30
15 19
15 19
15 35
15 30
16 23
16 22
16 25
16 30
16 33
16 20
16 21
16 34
16 32
16 30
17 30
17 35
17 27
17 33
17 20
17 33
17 20
17 23
17 27
17 23
18 25
18 35
18 24
18 27
18 34
18 28
18 36
18 32
18 28
18 35
19 32
19 30
19 36
19 29
19 33
19 30
19 31
19 35
19 36
19 35
20 36
20 29
20 31
20 35
20 33
20 30
20 31
20 34
20 34
20 28
21 30
21 29
21 35
21 35
21 36
21 30
21 33
21 35
21 35
21 32
22 31
22 28
22 34
22 28
22 30
22 28
22 30
22 31
22 34
22 30
23 36
23 33
23 29
23 30
23 29
23 34
23 30
23 30
23 30
23 35
24 31
24 30
24 34
24 36
24 35
24 31
24 28
24 32
24 30
24 33
25 36
25 31
25 33
25 31
25 32
25 33
25 32
25 32
25 36
25 29
26 34
26 35
26 32
26 34
26 35
26 33
26 31
26 36
26 35
26 31
27 34
27 36
27 33
27 29
27 34
27 30
27 33
27 34
27 34
27 33
