42
112
0 1
0 2
0 3
0 4
0 5
0 6
0 7
0 8
33 41
34 41
35 41
36 41
37 41
38 41
39 41
40 41
1 10
1 23
1 29
2 18
2 38
2 33
3 20
3 21
3 16
4 10
4 30
4 11
5 19
5 14
5 15
6 12
6 34
6 9
7 9
7 28
7 25
8 18
8 13
8 17
9 24
9 37
9 27
10 38
10 22
10 18
11 38
11 39
11 33
12 26
12 32
12 30
13 19
13 28
13 18
14 34
14 29
14 24
15 36
15 39
15 37
16 26
16 19
16 30
17 26
17 27
17 26
18 27
18 36
18 30
19 35
19 35
19 34
20 38
20 40
20 31
21 39
21 29
21 29
22 39
22 39
22 37
23 37
23 25
23 40
24 30
24 34
24 28
25 37
25 37
25 34
26 33
26 38
26 36
27 39
27 40
27 38
28 40
28 34
28 33
29 37
29 36
29 35
30 39
30 33
30 34
31 37
31 40
31 39
32 34
32 38
32 37
