26
96
0 1
0 2
0 3
0 4
0 5
0 6
0 7
0 8
17 25
18 25
19 25
20 25
21 25
22 25
23 25
24 25
1 23
1 14
1 10
1 21
1 18
2 16
2 12
2 16
2 18
2 9
3 12
3 12
3 13
3 12
3 18
4 13
4 16
4 23
4 9
4 11
5 9
5 17
5 15
5 14
5 13
6 10
6 23
6 13
6 21
6 13
7 17
7 19
7 18
7 18
7 15
8 12
8 9
8 19
8 19
8 18
9 19
9 23
9 21
9 23
9 18
10 22
10 20
10 17
10 21
10 20
11 19
11 21
11 20
11 18
11 18
12 17
12 19
12 24
12 21
12 23
13 20
13 21
13 18
13 22
13 22
14 24
14 17
14 22
14 18
14 19
15 23
15 20
15 17
15 19
15 19
16 19
16 17
16 22
16 19
16 21
