58
455
0 1
0 2
0 3
0 4
0 5
0 6
0 7
50 57
51 57
52 57
53 57
54 57
55 57
56 57
1 13
1 30
1 24
1 55
1 23
1 55
1 21
1 56
1 20
2 40
2 22
2 34
2 27
2 21
2 42
2 33
2 17
2 13
3 48
3 44
3 46
3 47
3 8
3 52
3 8
3 26
3 23
4 12
4 10
4 56
4 37
4 15
4 30
4 53
4 18
4 50
5 56
5 36
5 49
5 19
5 25
5 14
5 51
5 44
5 32
6 41
6 25
6 41
6 46
6 21
6 33
6 40
6 11
6 33
7 36
7 11
7 51
7 56
7 20
7 9
7 55
7 49
7 21
8 35
8 45
8 15
8 54
8 28
8 43
8 37
8 31
8 51
9 36
9 16
9 31
9 30
9 42
9 33
9 42
9 17
9 39
10 39
10 36
10 36
10 55
10 48
10 16
10 26
10 31
10 29
11 32
11 50
11 42
11 45
11 27
11 29
11 43
11 24
11 42
12 28
12 47
12 56
12 22
12 24
12 15
12 37
12 40
12 42
13 55
13 23
13 43
13 35
13 46
13 20
13 56
13 44
13 53
14 56
14 56
14 27
14 28
14 31
14 18
14 53
14 18
14 30
15 39
15 46
15 24
15 44
15 43
15 40
15 22
15 37
15 49
16 51
16 38
16 23
16 27
16 27
16 39
16 55
16 47
16 42
17 46
17 31
17 55
17 28
17 51
17 47
17 31
17 29
17 41
18 28
18 32
18 44
18 55
18 27
18 45
18 22
18 26
18 32
19 40
19 26
19 24
19 45
19 32
19 40
19 46
19 38
19 45
20 40
20 36
20 47
20 37
20 26
20 56
20 36
20 44
20 50
21 38
21 31
21 34
21 22
21 49
21 22
21 56
21 47
21 27
22 43
22 46
22 38
22 30
22 55
22 54
22 39
22 29
22 37
23 34
23 45
23 53
23 41
23 54
23 46
23 38
23 47
23 34
24 52
24 54
24 41
24 36
24 40
24 50
24 49
24 41
24 49
25 42
25 38
25 37
25 52
25 52
25 38
25 45
25 53
25 37
26 42
26 47
26 49
26 50
26 52
26 49
26 30
26 36
26 47
27 32
27 30
27 37
27 37
27 53
27 46
27 49
27 32
27 41
28 54
28 36
28 37
28 46
28 33
28 47
28 39
28 56
28 54
29 48
29 51
29 42
29 54
29 49
29 53
29 54
29 49
29 49
30 44
30 42
30 54
30 41
30 52
30 41
30 47
30 44
30 42
31 55
31 56
31 51
31 40
31 53
31 51
31 55
31 41
31 56
32 50
32 37
32 53
32 48
32 47
32 46
32 54
32 45
32 38
33 50
33 40
33 49
33 40
33 48
33 55
33 36
33 52
33 50
34 41
34 40
34 36
34 48
34 39
34 56
34 40
34 41
34 52
35 55
35 37
35 36
35 52
35 52
35 56
35 47
35 41
35 45
36 50
36 45
36 54
36 52
36 43
36 56
36 44
36 46
36 54
37 43
37 46
37 49
37 48
37 56
37 45
37 55
37 45
37 48
38 52
38 56
38 51
38 55
38 53
38 52
38 46
38 53
38 52
39 51
39 43
39 50
39 46
39 50
39 50
39 55
39 45
39 49
40 54
40 45
40 52
40 51
40 43
40 53
40 56
40 46
40 52
41 44
41 43
41 53
41 47
41 52
41 52
41 53
41 50
41 46
42 46
42 52
42 43
42 56
42 46
42 43
42 47
42 49
42 49
43 53
43 52
43 56
43 52
43 56
43 51
43 54
43 55
43 56
44 55
44 52
44 53
44 50
44 51
44 53
44 51
44 53
44 55
45 54
45 56
45 54
45 55
45 53
45 54
45 55
45 50
45 50
46 54
46 52
46 54
46 53
46 55
46 56
46 50
46 50
46 53
47 50
47 52
47 51
47 56
47 50
47 54
47 50
47 56
47 55
48 53
48 50
48 52
48 50
48 52
48 56
48 52
48 51
48 50
49 54
49 54
49 55
49 54
49 56
49 51
49 56
49 50
49 56
