34
176
0 1
0 2
0 3
0 4
29 33
30 33
31 33
32 33
1 10
1 26
1 8
1 30
1 28
1 25
2 10
2 13
2 23
2 20
2 31
2 20
3 14
3 11
3 22
3 25
3 10
3 19
4 6
4 9
4 18
4 28
4 5
4 7
5 9
5 30
5 9
5 23
5 30
5 17
6 24
6 15
6 14
6 15
6 16
6 22
7 23
7 26
7 18
7 29
7 17
7 12
8 20
8 22
8 18
8 29
8 18
8 16
9 32
9 24
9 24
9 29
9 19
9 32
10 27
10 31
10 17
10 27
10 21
10 14
11 15
11 16
11 20
11 13
11 26
11 32
12 30
12 24
12 29
12 19
12 21
12 13
13 26
13 24
13 18
13 27
13 21
13 27
14 26
14 32
14 30
14 22
14 32
14 28
15 25
15 27
15 26
15 26
15 21
15 31
16 31
16 32
16 26
16 19
16 32
16 20
17 22
17 25
17 27
17 30
17 31
17 23
18 22
18 28
18 31
18 27
18 26
18 27
19 21
19 32
19 22
19 23
19 21
19 21
20 26
20 29
20 31
20 32
20 22
20 32
21 26
21 29
21 31
21 27
21 31
21 30
22 30
22 28
22 26
22 25
22 29
22 28
23 31
23 26
23 31
23 29
23 32
23 28
24 31
24 32
24 27
24 32
24 30
24 31
25 29
25 32
25 32
25 31
25 31
25 29
26 30
26 32
26 29
26 32
26 30
26 31
27 29
27 32
27 30
27 30
27 32
27 30
28 29
28 30
28 31
28 31
28 31
28 30
