74
459
0 1
0 2
0 3
0 4
0 5
0 6
0 7
0 8
0 9
64 73
65 73
66 73
67 73
68 73
69 73
70 73
71 73
72 73
1 10
1 32
1 68
1 14
1 56
1 19
1 36
2 23
2 46
2 48
2 14
2 13
2 27
2 16
3 70
3 59
3 36
3 47
3 43
3 57
3 52
4 44
4 72
4 57
4 17
4 22
4 25
4 15
5 10
5 47
5 14
5 71
5 69
5 72
5 12
6 53
6 16
6 36
6 64
6 53
6 11
6 68
7 54
7 28
7 12
7 52
7 12
7 36
7 24
8 44
8 18
8 64
8 15
8 15
8 48
8 20
9 27
9 61
9 26
9 25
9 35
9 30
9 23
10 66
10 55
10 34
10 53
10 59
10 41
10 35
11 30
11 60
11 39
11 48
11 23
11 21
11 43
12 68
12 29
12 37
12 39
12 64
12 53
12 70
13 42
13 19
13 62
13 66
13 24
13 33
13 27
14 38
14 52
14 20
14 31
14 50
14 52
14 27
15 36
15 20
15 43
15 64
15 23
15 26
15 39
16 27
16 28
16 25
16 23
16 55
16 43
16 59
17 62
17 23
17 56
17 48
17 39
17 62
17 41
18 44
18 38
18 66
18 64
18 71
18 29
18 38
19 55
19 35
19 56
19 55
19 43
19 33
19 37
20 39
20 31
20 28
20 36
20 39
20 34
20 58
21 64
21 56
21 52
21 42
21 51
21 35
21 44
22 42
22 51
22 38
22 50
22 42
22 49
22 30
23 58
23 48
23 67
23 48
23 63
23 57
23 37
24 33
24 70
24 53
24 51
24 35
24 53
24 60
25 53
25 66
25 52
25 44
25 49
25 31
25 59
26 34
26 46
26 37
26 48
26 31
26 47
26 32
27 45
27 30
27 34
27 38
27 51
27 36
27 58
28 41
28 38
28 58
28 62
28 51
28 65
28 41
29 68
29 52
29 53
29 57
29 63
29 50
29 38
30 64
30 70
30 67
30 43
30 43
30 49
30 52
31 64
31 40
31 48
31 46
31 51
31 72
31 56
32 56
32 53
32 50
32 40
32 71
32 51
32 66
33 49
33 43
33 50
33 60
33 58
33 66
33 45
34 64
34 59
34 62
34 55
34 56
34 72
34 41
35 62
35 48
35 56
35 70
35 51
35 67
35 43
36 46
36 47
36 42
36 45
36 63
36 71
36 49
37 50
37 49
37 67
37 52
37 53
37 60
37 48
38 72
38 53
38 54
38 70
38 64
38 70
38 61
39 48
39 60
39 63
39 62
39 52
39 55
39 68
40 55
40 57
40 54
40 46
40 58
40 57
40 46
41 55
41 46
41 56
41 60
41 65
41 66
41 55
42 61
42 53
42 46
42 60
42 49
42 55
42 46
43 67
43 52
43 61
43 69
43 56
43 51
43 59
44 62
44 50
44 70
44 71
44 61
44 52
44 61
45 46
45 52
45 61
45 55
45 53
45 60
45 58
46 70
46 71
46 65
46 59
46 58
46 66
46 62
47 70
47 57
47 72
47 55
47 61
47 67
47 68
48 60
48 55
48 61
48 67
48 66
48 65
48 55
49 63
49 69
49 68
49 70
49 58
49 65
49 59
50 65
50 68
50 72
50 62
50 64
50 64
50 64
51 67
51 55
51 72
51 64
51 55
51 69
51 62
52 60
52 63
52 55
52 65
52 61
52 59
52 58
53 72
53 70
53 56
53 60
53 66
53 69
53 57
54 69
54 59
54 62
54 59
54 72
54 59
54 65
55 72
55 66
55 65
55 64
55 67
55 71
55 64
56 65
56 67
56 69
56 70
56 65
56 68
56 72
57 71
57 72
57 66
57 69
57 69
57 65
57 65
58 72
58 70
58 66
58 66
58 65
58 64
58 71
59 71
59 68
59 70
59 70
59 68
59 71
59 68
60 71
60 68
60 68
60 64
60 69
60 71
60 70
61 70
61 66
61 67
61 67
61 66
61 67
61 72
62 69
62 68
62 71
62 68
62 72
62 64
62 69
63 64
63 64
63 67
63 71
63 66
63 64
63 66
