17
126
0 1
0 2
0 3
13 16
14 16
15 16
1 11
1 14
1 13
1 11
1 9
1 11
1 14
1 4
1 13
1 5
2 6
2 11
2 6
2 11
2 15
2 14
2 4
2 10
2 8
2 8
3 15
3 12
3 7
3 13
3 6
3 6
3 6
3 11
3 11
3 11
4 12
4 7
4 7
4 10
4 12
4 10
4 8
4 14
4 11
4 14
5 13
5 7
5 7
5 9
5 12
5 11
5 12
5 9
5 9
5 10
6 9
6 8
6 8
6 15
6 15
6 7
6 12
6 12
6 11
6 11
7 13
7 13
7 12
7 13
7 12
7 15
7 14
7 13
7 11
7 15
8 10
8 13
8 10
8 13
8 12
8 13
8 12
8 12
8 13
8 12
9 11
9 10
9 10
9 12
9 12
9 10
9 13
9 15
9 12
9 11
10 13
10 13
10 15
10 13
10 14
10 14
10 14
10 13
10 13
10 15
11 13
11 14
11 15
11 14
11 15
11 13
11 15
11 15
11 13
11 13
12 14
12 15
12 14
12 15
12 15
12 14
12 13
12 15
12 14
12 15
