27
110
0 1
0 2
0 3
0 4
0 5
21 26
22 26
23 26
24 26
25 26
1 7
1 8
1 6
1 23
1 9
2 7
2 7
2 15
2 16
2 11
3 22
3 13
3 23
3 20
3 16
4 12
4 10
4 23
4 20
4 14
5 11
5 24
5 18
5 12
5 6
6 17
6 17
6 20
6 12
6 13
7 14
7 15
7 17
7 21
7 13
8 21
8 17
8 11
8 22
8 24
9 18
9 18
9 13
9 12
9 20
10 21
10 13
10 16
10 23
10 20
11 16
11 25
11 25
11 20
11 21
12 17
12 16
12 19
12 23
12 24
13 24
13 22
13 16
13 20
13 22
14 23
14 22
14 16
14 25
14 23
15 21
15 25
15 23
15 24
15 21
16 24
16 24
16 24
16 24
16 23
17 25
17 24
17 23
17 24
17 23
18 25
18 22
18 25
18 21
18 25
19 24
19 24
19 21
19 24
19 25
20 24
20 23
20 22
20 24
20 24
