26
144
0 1
0 2
0 3
0 4
0 5
0 6
0 7
0 8
17 25
18 25
19 25
20 25
21 25
22 25
23 25
24 25
1 14
1 24
1 17
1 14
1 18
1 11
1 23
1 12
2 9
2 19
2 11
2 11
2 9
2 14
2 19
2 13
3 17
3 14
3 17
3 13
3 15
3 11
3 13
3 17
4 18
4 17
4 16
4 14
4 14
4 9
4 19
4 19
5 24
5 11
5 9
5 18
5 13
5 23
5 21
5 14
6 18
6 23
6 16
6 18
6 12
6 10
6 22
6 21
7 15
7 14
7 9
7 21
7 16
7 13
7 14
7 10
8 21
8 21
8 15
8 10
8 21
8 9
8 21
8 20
9 19
9 21
9 21
9 23
9 19
9 18
9 20
9 20
10 24
10 19
10 21
10 20
10 21
10 18
10 24
10 19
11 24
11 24
11 24
11 23
11 20
11 21
11 24
11 24
12 17
12 22
12 18
12 21
12 22
12 22
12 24
12 24
13 18
13 21
13 23
13 20
13 22
13 18
13 24
13 21
14 21
14 20
14 24
14 17
14 22
14 23
14 19
14 21
15 22
15 18
15 19
15 17
15 22
15 19
15 17
15 22
16 24
16 18
16 18
16 22
16 23
16 18
16 21
16 24
