72
560
0 1
0 2
0 3
0 4
0 5
0 6
0 7
0 8
0 9
0 10
61 71
62 71
63 71
64 71
65 71
66 71
67 71
68 71
69 71
70 71
1 55
1 22
1 26
1 51
1 70
1 53
1 64
1 52
1 24
2 46
2 32
2 14
2 11
2 37
2 34
2 53
2 23
2 67
3 27
3 20
3 14
3 35
3 14
3 46
3 60
3 54
3 36
4 66
4 24
4 33
4 58
4 68
4 44
4 65
4 40
4 35
5 48
5 33
5 68
5 61
5 60
5 22
5 64
5 60
5 40
6 27
6 42
6 52
6 15
6 50
6 62
6 19
6 15
6 65
7 46
7 56
7 41
7 12
7 52
7 54
7 34
7 39
7 43
8 60
8 33
8 12
8 16
8 62
8 26
8 14
8 52
8 15
9 17
9 37
9 56
9 46
9 53
9 19
9 27
9 50
9 51
10 18
10 58
10 55
10 65
10 25
10 32
10 27
10 26
10 13
11 60
11 52
11 53
11 24
11 21
11 28
11 37
11 66
11 39
12 32
12 61
12 41
12 38
12 57
12 69
12 45
12 22
12 24
13 63
13 41
13 53
13 33
13 30
13 50
13 39
13 54
13 64
14 21
14 22
14 32
14 65
14 63
14 63
14 48
14 66
14 65
15 55
15 32
15 60
15 23
15 45
15 53
15 45
15 62
15 39
16 44
16 36
16 43
16 47
16 31
16 63
16 29
16 45
16 22
17 60
17 66
17 58
17 55
17 66
17 59
17 68
17 62
17 52
18 60
18 39
18 49
18 56
18 25
18 61
18 48
18 28
18 35
19 30
19 54
19 29
19 50
19 27
19 44
19 22
19 55
19 56
20 64
20 65
20 31
20 68
20 54
20 26
20 55
20 41
20 23
21 63
21 58
21 54
21 56
21 40
21 65
21 35
21 35
21 39
22 67
22 62
22 38
22 31
22 53
22 32
22 39
22 43
22 60
23 35
23 44
23 67
23 50
23 40
23 41
23 42
23 67
23 37
24 47
24 41
24 57
24 31
24 65
24 36
24 47
24 51
24 45
25 41
25 47
25 42
25 49
25 43
25 65
25 49
25 35
25 48
26 50
26 44
26 60
26 31
26 40
26 33
26 67
26 59
26 42
27 38
27 31
27 70
27 36
27 39
27 40
27 54
27 40
27 35
28 59
28 56
28 47
28 66
28 58
28 55
28 37
28 68
28 67
29 31
29 46
29 31
29 48
29 65
29 36
29 69
29 66
29 45
30 64
30 62
30 66
30 67
30 61
30 66
30 67
30 66
30 66
31 46
31 69
31 57
31 52
31 60
31 64
31 50
31 45
31 61
32 64
32 63
32 69
32 42
32 43
32 54
32 43
32 63
32 51
33 60
33 63
33 58
33 65
33 56
33 41
33 60
33 43
33 52
34 57
34 51
34 69
34 52
34 56
34 60
34 61
34 60
34 49
35 54
35 69
35 45
35 45
35 55
35 67
35 43
35 56
35 61
36 48
36 50
36 45
36 58
36 70
36 68
36 67
36 56
36 45
37 68
37 67
37 69
37 49
37 53
37 49
37 69
37 56
37 57
38 58
38 46
38 46
38 58
38 60
38 66
38 54
38 56
38 42
39 50
39 50
39 58
39 63
39 57
39 59
39 59
39 67
39 50
40 48
40 63
40 65
40 53
40 60
40 61
40 43
40 60
40 65
41 62
41 51
41 53
41 70
41 70
41 70
41 67
41 68
41 61
42 62
42 61
42 66
42 54
42 63
42 55
42 63
42 57
42 54
43 51
43 65
43 70
43 51
43 53
43 54
43 67
43 57
43 54
44 70
44 59
44 65
44 66
44 62
44 65
44 60
44 61
44 65
45 60
45 57
45 54
45 62
45 61
45 64
45 58
45 56
45 68
46 54
46 68
46 66
46 57
46 60
46 61
46 68
46 52
46 55
47 52
47 61
47 61
47 67
47 60
47 69
47 61
47 55
47 61
48 56
48 65
48 63
48 62
48 66
48 70
48 65
48 57
48 52
49 70
49 56
49 57
49 68
49 60
49 66
49 63
49 58
49 67
50 65
50 68
50 69
50 69
50 69
50 59
50 59
50 57
50 60
51 70
51 67
51 66
51 62
51 64
51 62
51 64
51 65
51 67
52 65
52 61
52 66
52 66
52 61
52 61
52 62
52 70
52 62
53 69
53 64
53 70
53 66
53 69
53 67
53 64
53 67
53 67
54 64
54 68
54 63
54 65
54 67
54 61
54 70
54 70
54 67
55 62
55 63
55 63
55 70
55 70
55 64
55 65
55 65
55 64
56 66
56 69
56 65
56 67
56 67
56 68
56 68
56 62
56 66
57 66
57 67
57 65
57 62
57 62
57 62
57 66
57 66
57 70
58 69
58 68
58 69
58 65
58 69
58 63
58 69
58 68
58 62
59 62
59 63
59 67
59 67
59 70
59 67
59 61
59 66
59 63
60 69
60 64
60 67
60 66
60 61
60 65
60 70
60 63
60 69
