38
252
0 1
0 2
0 3
0 4
0 5
0 6
31 37
32 37
33 37
34 37
35 37
36 37
1 9
1 25
1 36
1 10
1 23
1 15
1 17
1 29
2 18
2 17
2 22
2 8
2 8
2 7
2 35
2 12
3 7
3 33
3 11
3 13
3 19
3 12
3 15
3 23
4 19
4 15
4 21
4 34
4 19
4 21
4 7
4 13
5 9
5 36
5 16
5 17
5 15
5 18
5 10
5 18
6 28
6 17
6 20
6 21
6 17
6 10
6 26
6 18
7 24
7 17
7 28
7 34
7 26
7 25
7 27
7 20
8 27
8 15
8 33
8 25
8 23
8 33
8 13
8 19
9 13
9 32
9 34
9 25
9 32
9 31
9 36
9 33
10 17
10 17
10 16
10 22
10 21
10 15
10 19
10 24
11 19
11 34
11 14
11 25
11 14
11 20
11 24
11 20
12 22
12 21
12 32
12 32
12 33
12 24
12 30
12 25
13 30
13 27
13 31
13 23
13 19
13 35
13 23
13 24
14 27
14 26
14 25
14 21
14 35
14 19
14 27
14 27
15 32
15 28
15 21
15 26
15 35
15 21
15 21
15 24
16 21
16 21
16 31
16 21
16 36
16 22
16 28
16 29
17 31
17 20
17 33
17 29
17 36
17 36
17 34
17 27
18 25
18 20
18 29
18 23
18 36
18 35
18 32
18 32
19 30
19 32
19 33
19 26
19 26
19 27
19 31
19 28
20 29
20 35
20 35
20 27
20 33
20 26
20 31
20 25
21 25
21 26
21 29
21 25
21 31
21 31
21 25
21 25
22 26
22 33
22 28
22 26
22 26
22 33
22 31
22 31
23 32
23 31
23 33
23 34
23 33
23 31
23 25
23 30
24 30
24 35
24 32
24 26
24 28
24 30
24 30
24 29
25 31
25 34
25 33
25 35
25 32
25 33
25 34
25 34
26 35
26 31
26 33
26 34
26 31
26 33
26 33
26 32
27 33
27 33
27 35
27 33
27 33
27 34
27 32
27 32
28 36
28 33
28 31
28 34
28 33
28 36
28 36
28 31
29 32
29 36
29 36
29 33
29 32
29 33
29 34
29 34
30 31
30 36
30 32
30 31
30 36
30 32
30 36
30 32
