23
98
0 1
0 2
0 3
0 4
0 5
0 6
0 7
15 22
16 22
17 22
18 22
19 22
20 22
21 22
1 9
1 12
1 17
1 13
1 9
1 11
2 18
2 10
2 9
2 11
2 10
2 13
3 14
3 19
3 21
3 8
3 18
3 16
4 10
4 10
4 11
4 8
4 13
4 17
5 10
5 20
5 20
5 21
5 9
5 13
6 13
6 8
6 18
6 20
6 11
6 17
7 9
7 8
7 17
7 10
7 9
7 19
8 20
8 15
8 21
8 18
8 21
8 17
9 17
9 16
9 18
9 20
9 15
9 16
10 16
10 17
10 19
10 19
10 16
10 18
11 17
11 21
11 19
11 20
11 18
11 20
12 20
12 19
12 18
12 15
12 20
12 18
13 17
13 18
13 18
13 17
13 19
13 15
14 17
14 15
14 15
14 18
14 20
14 15
