52
420
0 1
0 2
0 3
0 4
0 5
0 6
0 7
0 8
0 9
0 10
41 51
42 51
43 51
44 51
45 51
46 51
47 51
48 51
49 51
50 51
1 24
1 42
1 49
1 41
1 32
1 38
1 40
1 42
1 31
1 34
2 26
2 30
2 35
2 19
2 45
2 37
2 20
2 43
2 20
2 41
3 24
3 41
3 44
3 34
3 38
3 50
3 25
3 20
3 30
3 42
4 30
4 35
4 33
4 21
4 17
4 46
4 40
4 46
4 37
4 12
5 22
5 45
5 24
5 38
5 13
5 18
5 24
5 14
5 50
5 33
6 45
6 15
6 15
6 30
6 30
6 34
6 29
6 44
6 43
6 40
7 36
7 15
7 24
7 50
7 25
7 30
7 46
7 46
7 18
7 24
8 40
8 21
8 18
8 13
8 48
8 13
8 20
8 21
8 16
8 11
9 35
9 42
9 48
9 40
9 14
9 27
9 23
9 32
9 13
9 16
10 14
10 30
10 12
10 19
10 29
10 18
10 31
10 16
10 13
10 38
11 30
11 42
11 40
11 47
11 34
11 47
11 29
11 45
11 47
11 27
12 28
12 23
12 28
12 35
12 22
12 41
12 21
12 27
12 45
12 45
13 44
13 38
13 44
13 35
13 48
13 23
13 32
13 48
13 50
13 26
14 47
14 29
14 40
14 36
14 26
14 23
14 32
14 26
14 40
14 50
15 32
15 47
15 23
15 32
15 31
15 46
15 44
15 23
15 22
15 30
16 48
16 37
16 39
16 33
16 21
16 37
16 35
16 24
16 34
16 27
17 30
17 31
17 35
17 49
17 46
17 32
17 43
17 50
17 38
17 24
18 49
18 41
18 50
18 43
18 44
18 22
18 39
18 38
18 25
18 32
19 47
19 44
19 49
19 36
19 26
19 41
19 22
19 33
19 37
19 35
20 39
20 46
20 37
20 23
20 36
20 33
20 27
20 50
20 32
20 44
21 34
21 32
21 36
21 33
21 47
21 50
21 45
21 35
21 47
21 41
22 38
22 45
22 44
22 48
22 50
22 31
22 41
22 43
22 43
22 47
23 50
23 41
23 44
23 46
23 46
23 49
23 38
23 32
23 48
23 41
24 47
24 31
24 35
24 32
24 34
24 31
24 43
24 40
24 47
24 31
25 50
25 34
25 46
25 35
25 44
25 37
25 35
25 34
25 42
25 40
26 42
26 41
26 50
26 35
26 36
26 37
26 33
26 36
26 50
26 42
27 38
27 38
27 35
27 42
27 32
27 50
27 42
27 44
27 39
27 38
28 45
28 50
28 34
28 32
28 34
28 39
28 38
28 50
28 34
28 49
29 39
29 45
29 31
29 31
29 49
29 37
29 49
29 43
29 34
29 49
30 46
30 41
30 36
30 50
30 33
30 37
30 49
30 36
30 43
30 49
31 44
31 47
31 48
31 49
31 48
31 43
31 47
31 47
31 43
31 50
32 48
32 41
32 44
32 48
32 43
32 44
32 46
32 42
32 48
32 49
33 50
33 45
33 42
33 47
33 45
33 44
33 46
33 45
33 49
33 48
34 44
34 44
34 46
34 41
34 42
34 45
34 46
34 48
34 41
34 48
35 49
35 50
35 50
35 44
35 50
35 45
35 47
35 45
35 46
35 46
36 46
36 47
36 41
36 47
36 43
36 47
36 50
36 50
36 43
36 50
37 47
37 46
37 46
37 44
37 49
37 47
37 48
37 44
37 47
37 41
38 43
38 47
38 50
38 44
38 41
38 49
38 48
38 47
38 46
38 43
39 45
39 41
39 41
39 47
39 49
39 46
39 45
39 50
39 45
39 47
40 49
40 44
40 43
40 44
40 47
40 43
40 43
40 45
40 48
40 41
