50
222
0 1
0 2
0 3
0 4
0 5
0 6
43 49
44 49
45 49
46 49
47 49
48 49
1 33
1 12
1 10
1 9
1 18
2 8
2 31
2 45
2 16
2 7
3 34
3 28
3 44
3 39
3 20
4 39
4 32
4 11
4 43
4 35
5 11
5 33
5 21
5 41
5 30
6 23
6 19
6 47
6 22
6 21
7 32
7 46
7 45
7 34
7 29
8 14
8 17
8 27
8 38
8 15
9 39
9 16
9 40
9 47
9 30
10 27
10 17
10 37
10 13
10 35
11 34
11 15
11 37
11 40
11 47
12 24
12 43
12 40
12 35
12 20
13 42
13 30
13 40
13 20
13 37
14 44
14 19
14 48
14 40
14 31
15 36
15 43
15 46
15 21
15 29
16 33
16 21
16 39
16 32
16 19
17 23
17 39
17 39
17 24
17 24
18 26
18 39
18 42
18 47
18 25
19 36
19 28
19 35
19 33
19 46
20 41
20 46
20 32
20 32
20 37
21 44
21 37
21 47
21 27
21 33
22 31
22 48
22 39
22 31
22 29
23 33
23 42
23 31
23 42
23 41
24 40
24 37
24 47
24 44
24 35
25 36
25 43
25 42
25 32
25 45
26 39
26 34
26 46
26 45
26 48
27 44
27 34
27 36
27 31
27 41
28 43
28 37
28 34
28 45
28 32
29 48
29 42
29 35
29 34
29 35
30 37
30 37
30 39
30 47
30 32
31 41
31 38
31 42
31 46
31 39
32 44
32 41
32 41
32 39
32 43
33 46
33 47
33 44
33 43
33 41
34 48
34 37
34 45
34 43
34 38
35 44
35 42
35 47
35 48
35 39
36 37
36 48
36 44
36 39
36 47
37 45
37 47
37 48
37 43
37 44
38 43
38 48
38 46
38 47
38 45
39 46
39 48
39 43
39 46
39 48
40 45
40 45
40 47
40 47
40 46
41 48
41 47
41 43
41 46
41 46
42 44
42 44
42 44
42 45
42 46
