65
558
0 1
0 2
0 3
0 4
0 5
0 6
0 7
0 8
0 9
55 64
56 64
57 64
58 64
59 64
60 64
61 64
62 64
63 64
1 33
1 58
1 36
1 37
1 51
1 12
1 39
1 48
1 59
1 27
2 46
2 38
2 11
2 45
2 45
2 15
2 55
2 44
2 56
2 33
3 46
3 48
3 60
3 52
3 19
3 61
3 55
3 37
3 21
3 55
4 41
4 44
4 49
4 13
4 17
4 52
4 32
4 62
4 36
4 27
5 25
5 19
5 55
5 42
5 16
5 53
5 48
5 62
5 33
5 56
6 47
6 15
6 56
6 43
6 19
6 11
6 40
6 26
6 39
6 14
7 17
7 16
7 10
7 19
7 20
7 18
7 61
7 58
7 16
7 34
8 21
8 48
8 59
8 29
8 26
8 27
8 18
8 26
8 41
8 41
9 18
9 24
9 62
9 11
9 20
9 33
9 28
9 12
9 50
9 57
10 43
10 30
10 35
10 35
10 55
10 27
10 41
10 44
10 48
10 63
11 30
11 48
11 29
11 50
11 40
11 19
11 56
11 46
11 26
11 61
12 21
12 42
12 55
12 55
12 59
12 29
12 41
12 41
12 32
12 45
13 44
13 56
13 63
13 22
13 34
13 55
13 37
13 56
13 42
13 28
14 56
14 60
14 57
14 28
14 53
14 41
14 28
14 45
14 23
14 43
15 42
15 33
15 21
15 34
15 31
15 61
15 51
15 53
15 38
15 19
16 34
16 25
16 19
16 34
16 28
16 34
16 32
16 46
16 34
16 62
17 55
17 33
17 58
17 56
17 42
17 54
17 33
17 52
17 35
17 44
18 31
18 21
18 58
18 33
18 43
18 26
18 37
18 30
18 60
18 56
19 31
19 38
19 52
19 29
19 42
19 34
19 53
19 37
19 33
19 39
20 53
20 49
20 62
20 54
20 41
20 32
20 35
20 55
20 36
20 58
21 52
21 55
21 60
21 28
21 60
21 39
21 42
21 31
21 58
21 57
22 32
22 61
22 31
22 36
22 42
22 45
22 59
22 47
22 34
22 28
23 59
23 39
23 49
23 57
23 45
23 63
23 41
23 32
23 34
23 49
24 62
24 58
24 40
24 59
24 39
24 52
24 50
24 53
24 55
24 44
25 46
25 40
25 57
25 29
25 48
25 35
25 62
25 59
25 35
25 48
26 59
26 30
26 39
26 61
26 59
26 56
26 40
26 53
26 60
26 46
27 38
27 39
27 57
27 51
27 50
27 32
27 39
27 36
27 37
27 47
28 60
28 45
28 41
28 42
28 46
28 41
28 39
28 61
28 55
28 37
29 63
29 57
29 57
29 46
29 45
29 41
29 47
29 46
29 57
29 42
30 63
30 50
30 44
30 56
30 44
30 57
30 40
30 53
30 45
30 49
31 52
31 57
31 57
31 45
31 63
31 56
31 50
31 38
31 53
31 57
32 38
32 41
32 39
32 47
32 39
32 37
32 51
32 50
32 46
32 61
33 44
33 45
33 63
33 40
33 53
33 43
33 60
33 45
33 48
33 57
34 58
34 37
34 51
34 40
34 45
34 50
34 59
34 47
34 40
34 37
35 56
35 41
35 58
35 59
35 51
35 60
35 59
35 54
35 62
35 41
36 40
36 42
36 39
36 39
36 45
36 44
36 61
36 57
36 53
36 62
37 60
37 47
37 53
37 54
37 50
37 50
37 56
37 62
37 52
37 50
38 51
38 62
38 63
38 63
38 48
38 48
38 58
38 59
38 63
38 47
39 53
39 49
39 51
39 55
39 58
39 48
39 62
39 63
39 60
39 60
40 61
40 54
40 59
40 50
40 60
40 62
40 54
40 52
40 58
40 58
41 56
41 63
41 57
41 55
41 61
41 57
41 55
41 55
41 53
41 52
42 54
42 58
42 53
42 59
42 49
42 48
42 62
42 63
42 47
42 56
43 58
43 62
43 46
43 51
43 46
43 60
43 49
43 54
43 48
43 59
44 47
44 56
44 59
44 58
44 47
44 54
44 49
44 54
44 63
44 54
45 60
45 51
45 48
45 50
45 47
45 49
45 50
45 61
45 47
45 49
46 62
46 59
46 56
46 60
46 55
46 56
46 63
46 57
46 62
46 56
47 61
47 63
47 57
47 63
47 55
47 56
47 62
47 57
47 62
47 59
48 63
48 56
48 56
48 57
48 58
48 55
48 58
48 62
48 61
48 59
49 56
49 57
49 63
49 55
49 62
49 62
49 63
49 61
49 62
49 60
50 60
50 57
50 57
50 60
50 57
50 56
50 59
50 62
50 58
50 55
51 56
51 57
51 56
51 55
51 57
51 60
51 62
51 61
51 56
51 59
52 56
52 56
52 59
52 63
52 56
52 57
52 61
52 63
52 61
52 59
53 59
53 55
53 59
53 61
53 60
53 61
53 60
53 62
53 58
53 63
54 62
54 57
54 55
54 61
54 55
54 55
54 57
54 62
54 61
54 57
