32
160
0 1
0 2
0 3
0 4
0 5
26 31
27 31
28 31
29 31
30 31
1 12
1 8
1 25
1 28
1 30
1 24
2 20
2 8
2 9
2 9
2 6
2 12
3 28
3 19
3 15
3 7
3 16
3 15
4 20
4 23
4 21
4 8
4 10
4 10
5 30
5 20
5 16
5 10
5 24
5 16
6 28
6 11
6 29
6 22
6 20
6 20
7 18
7 19
7 23
7 26
7 14
7 15
8 20
8 21
8 13
8 11
8 12
8 20
9 17
9 23
9 12
9 13
9 11
9 28
10 14
10 12
10 12
10 20
10 21
10 16
11 27
11 28
11 18
11 25
11 16
11 17
12 20
12 18
12 30
12 24
12 16
12 24
13 18
13 17
13 26
13 22
13 22
13 25
14 17
14 18
14 19
14 20
14 22
14 26
15 18
15 26
15 22
15 16
15 27
15 29
16 28
16 28
16 23
16 27
16 25
16 26
17 23
17 21
17 23
17 30
17 21
17 30
18 30
18 25
18 26
18 22
18 21
18 24
19 28
19 29
19 29
19 27
19 21
19 25
20 27
20 28
20 27
20 21
20 30
20 28
21 26
21 30
21 28
21 29
21 26
21 29
22 29
22 29
22 29
22 28
22 30
22 29
23 28
23 29
23 28
23 30
23 27
23 30
24 26
24 30
24 29
24 29
24 26
24 29
25 30
25 29
25 28
25 27
25 29
25 29
