29
198
0 1
0 2
0 3
0 4
0 5
0 6
0 7
0 8
0 9
19 28
20 28
21 28
22 28
23 28
24 28
25 28
26 28
27 28
1 11
1 26
1 19
1 17
1 15
1 17
1 20
1 22
1 25
1 11
2 24
2 23
2 24
2 17
2 15
2 14
2 16
2 10
2 26
2 20
3 27
3 18
3 25
3 25
3 18
3 18
3 18
3 23
3 11
3 11
4 15
4 10
4 10
4 22
4 15
4 13
4 11
4 26
4 23
4 26
5 25
5 19
5 19
5 21
5 24
5 23
5 24
5 12
5 21
5 22
6 21
6 20
6 11
6 18
6 18
6 19
6 24
6 24
6 14
6 23
7 25
7 19
7 24
7 25
7 12
7 27
7 26
7 13
7 23
7 21
8 10
8 19
8 10
8 19
8 12
8 25
8 12
8 24
8 25
8 24
9 17
9 16
9 16
9 18
9 24
9 22
9 25
9 21
9 18
9 11
10 25
10 25
10 27
10 19
10 20
10 20
10 26
10 19
10 22
10 21
11 19
11 20
11 21
11 20
11 27
11 22
11 24
11 21
11 25
11 19
12 26
12 21
12 26
12 21
12 27
12 20
12 25
12 24
12 20
12 24
13 23
13 25
13 19
13 23
13 25
13 21
13 22
13 21
13 19
13 23
14 22
14 26
14 24
14 22
14 25
14 24
14 23
14 21
14 24
14 21
15 20
15 22
15 21
15 27
15 22
15 21
15 19
15 19
15 26
15 21
16 23
16 22
16 25
16 21
16 24
16 20
16 21
16 25
16 23
16 21
17 21
17 26
17 27
17 24
17 20
17 24
17 20
17 23
17 27
17 23
18 25
18 26
18 24
18 27
18 25
18 19
18 27
18 23
18 19
18 26
