37
250
0 1
0 2
0 3
0 4
0 5
31 36
32 36
33 36
34 36
35 36
1 27
1 31
1 8
1 25
1 25
1 26
1 20
1 23
2 35
2 35
2 8
2 30
2 6
2 17
2 15
2 7
3 6
3 25
3 33
3 21
3 30
3 23
3 25
3 16
4 11
4 28
4 35
4 25
4 9
4 33
4 13
4 30
5 20
5 7
5 12
5 10
5 27
5 26
5 19
5 19
6 12
6 11
6 23
6 20
6 29
6 17
6 11
6 14
7 16
7 15
7 14
7 13
7 27
7 21
7 23
7 12
8 13
8 22
8 34
8 24
8 16
8 21
8 33
8 22
9 25
9 31
9 26
9 26
9 31
9 17
9 24
9 33
10 19
10 13
10 17
10 13
10 20
10 19
10 18
10 27
11 18
11 34
11 34
11 20
11 19
11 26
11 28
11 18
12 29
12 18
12 31
12 21
12 24
12 21
12 20
12 33
13 16
13 22
13 25
13 22
13 18
13 31
13 31
13 22
14 33
14 34
14 16
14 32
14 32
14 18
14 21
14 26
15 16
15 31
15 22
15 19
15 34
15 27
15 22
15 19
16 29
16 32
16 27
16 22
16 24
16 31
16 21
16 35
17 27
17 33
17 23
17 30
17 33
17 23
17 31
17 35
18 23
18 26
18 34
18 21
18 25
18 26
18 26
18 26
19 26
19 28
19 26
19 29
19 34
19 27
19 35
19 27
20 31
20 26
20 21
20 34
20 21
20 28
20 25
20 27
21 35
21 32
21 28
21 34
21 34
21 30
21 29
21 28
22 32
22 34
22 28
22 27
22 34
22 29
22 32
22 31
23 26
23 34
23 27
23 34
23 31
23 26
23 27
23 33
24 26
24 32
24 33
24 33
24 32
24 33
24 31
24 31
25 29
25 34
25 32
25 30
25 28
25 35
25 32
25 35
26 35
26 35
26 33
26 35
26 33
26 31
26 35
26 35
27 34
27 31
27 35
27 31
27 33
27 31
27 33
27 33
28 35
28 33
28 32
28 31
28 35
28 33
28 33
28 35
29 31
29 34
29 34
29 35
29 35
29 33
29 31
29 34
30 34
30 33
30 33
30 33
30 33
30 35
30 32
30 32
