47
270
0 1
0 2
0 3
0 4
0 5
0 6
0 7
0 8
0 9
37 46
38 46
39 46
40 46
41 46
42 46
43 46
44 46
45 46
1 23
1 16
1 44
1 15
1 22
1 18
1 26
2 40
2 16
2 27
2 42
2 38
2 16
2 12
3 42
3 43
3 16
3 42
3 10
3 22
3 18
4 33
4 25
4 20
4 30
4 45
4 43
4 45
5 19
5 20
5 35
5 12
5 26
5 13
5 17
6 39
6 21
6 14
6 13
6 43
6 11
6 10
7 36
7 17
7 12
7 12
7 30
7 34
7 44
8 30
8 10
8 16
8 34
8 41
8 43
8 34
9 41
9 40
9 33
9 30
9 14
9 38
9 13
10 31
10 24
10 45
10 40
10 24
10 40
10 34
11 29
11 22
11 41
11 44
11 27
11 32
11 37
12 21
12 29
12 26
12 21
12 36
12 21
12 43
13 21
13 36
13 40
13 41
13 28
13 26
13 32
14 33
14 45
14 44
14 34
14 39
14 44
14 28
15 45
15 27
15 32
15 28
15 30
15 44
15 26
16 39
16 30
16 33
16 30
16 30
16 40
16 21
17 36
17 31
17 19
17 38
17 22
17 29
17 33
18 20
18 36
18 36
18 34
18 36
18 34
18 38
19 38
19 32
19 45
19 44
19 41
19 41
19 33
20 41
20 30
20 29
20 41
20 30
20 34
20 43
21 32
21 44
21 44
21 30
21 30
21 35
21 40
22 40
22 34
22 35
22 32
22 34
22 34
22 28
23 40
23 40
23 29
23 30
23 43
23 29
23 29
24 36
24 40
24 34
24 29
24 40
24 36
24 43
25 42
25 40
25 40
25 45
25 39
25 38
25 29
26 41
26 43
26 39
26 33
26 32
26 28
26 37
27 36
27 32
27 35
27 30
27 43
27 37
27 32
28 40
28 45
28 40
28 37
28 39
28 45
28 38
29 42
29 42
29 44
29 45
29 45
29 37
29 44
30 38
30 45
30 45
30 40
30 43
30 39
30 45
31 45
31 37
31 44
31 42
31 42
31 42
31 44
32 39
32 40
32 37
32 40
32 39
32 41
32 40
33 39
33 38
33 39
33 44
33 43
33 38
33 44
34 42
34 45
34 40
34 42
34 44
34 40
34 45
35 39
35 40
35 43
35 38
35 40
35 39
35 43
36 43
36 42
36 39
36 45
36 37
36 40
36 37
