47
234
0 1
0 2
0 3
0 4
0 5
0 6
0 7
0 8
0 9
37 46
38 46
39 46
40 46
41 46
42 46
43 46
44 46
45 46
1 10
1 23
1 11
1 16
1 39
1 27
2 17
2 35
2 18
2 37
2 14
2 37
3 27
3 15
3 15
3 12
3 43
3 33
4 33
4 23
4 14
4 18
4 38
4 31
5 29
5 32
5 13
5 32
5 27
5 14
6 31
6 43
6 27
6 12
6 29
6 20
7 30
7 36
7 25
7 38
7 44
7 30
8 29
8 25
8 15
8 14
8 43
8 12
9 17
9 10
9 41
9 21
9 19
9 33
10 22
10 38
10 35
10 25
10 40
10 42
11 36
11 44
11 30
11 27
11 37
11 21
12 26
12 30
12 36
12 24
12 20
12 43
13 24
13 39
13 29
13 38
13 32
13 45
14 38
14 40
14 36
14 22
14 40
14 43
15 19
15 33
15 24
15 24
15 28
15 19
16 20
16 19
16 44
16 21
16 43
16 24
17 23
17 23
17 36
17 29
17 44
17 37
18 27
18 22
18 20
18 26
18 30
18 33
19 41
19 38
19 36
19 41
19 42
19 29
20 45
20 31
20 34
20 42
20 45
20 34
21 33
21 29
21 34
21 38
21 31
21 31
22 43
22 33
22 34
22 31
22 43
22 41
23 32
23 40
23 34
23 40
23 39
23 34
24 45
24 32
24 45
24 34
24 45
24 39
25 35
25 43
25 42
25 39
25 39
25 39
26 45
26 42
26 40
26 32
26 32
26 41
27 33
27 29
27 28
27 37
27 31
27 42
28 40
28 42
28 45
28 37
28 45
28 45
29 43
29 44
29 41
29 40
29 39
29 38
30 40
30 44
30 44
30 45
30 37
30 44
31 39
31 44
31 40
31 40
31 39
31 44
32 45
32 42
32 44
32 43
32 41
32 45
33 39
33 44
33 41
33 37
33 44
33 40
34 45
34 39
34 45
34 38
34 41
34 39
35 38
35 44
35 37
35 45
35 42
35 38
36 42
36 42
36 43
36 43
36 45
36 43
