32
260
0 1
0 2
0 3
0 4
0 5
26 31
27 31
28 31
29 31
30 31
1 11
1 7
1 17
1 11
1 9
1 11
1 26
1 17
1 25
1 7
2 28
2 21
2 14
2 22
2 13
2 14
2 30
2 18
2 18
2 30
3 6
3 17
3 8
3 30
3 10
3 6
3 24
3 27
3 29
3 12
4 12
4 11
4 14
4 25
4 16
4 19
4 30
4 12
4 30
4 27
5 15
5 29
5 19
5 24
5 21
5 26
5 7
5 22
5 15
5 21
6 21
6 15
6 27
6 13
6 27
6 18
6 16
6 27
6 30
6 29
7 18
7 23
7 19
7 23
7 30
7 20
7 27
7 21
7 13
7 18
8 17
8 12
8 24
8 23
8 12
8 26
8 30
8 30
8 12
8 15
9 30
9 22
9 11
9 18
9 16
9 19
9 18
9 21
9 15
9 29
10 11
10 15
10 13
10 20
10 27
10 12
10 21
10 15
10 23
10 23
11 18
11 21
11 26
11 16
11 18
11 20
11 26
11 18
11 24
11 24
12 24
12 21
12 25
12 21
12 30
12 22
12 25
12 17
12 28
12 26
13 30
13 20
13 30
13 30
13 19
13 27
13 16
13 26
13 26
13 23
14 30
14 20
14 29
14 26
14 27
14 23
14 30
14 29
14 17
14 30
15 22
15 25
15 20
15 23
15 23
15 27
15 30
15 17
15 28
15 19
16 29
16 30
16 23
16 29
16 29
16 29
16 27
16 29
16 24
16 29
17 24
17 24
17 24
17 29
17 21
17 25
17 28
17 27
17 29
17 30
18 21
18 27
18 29
18 28
18 30
18 21
18 24
18 24
18 24
18 28
19 24
19 23
19 27
19 26
19 23
19 27
19 26
19 29
19 28
19 30
20 27
20 21
20 25
20 22
20 21
20 25
20 29
20 28
20 21
20 29
21 27
21 28
21 30
21 28
21 30
21 29
21 30
21 28
21 29
21 29
22 26
22 27
22 28
22 29
22 30
22 27
22 26
22 30
22 30
22 28
23 26
23 28
23 30
23 30
23 30
23 30
23 26
23 30
23 29
23 26
24 28
24 26
24 29
24 27
24 30
24 30
24 28
24 29
24 28
24 26
25 29
25 30
25 30
25 26
25 28
25 26
25 27
25 30
25 27
25 28
