26
174
0 1
0 2
0 3
22 25
23 25
24 25
1 9
1 20
1 22
1 14
1 21
1 12
1 4
1 4
2 21
2 5
2 7
2 11
2 20
2 15
2 18
2 17
3 6
3 6
3 16
3 5
3 18
3 20
3 18
3 8
4 10
4 14
4 21
4 9
4 10
4 22
4 13
4 16
5 9
5 17
5 14
5 14
5 24
5 9
5 21
5 23
6 23
6 11
6 19
6 7
6 22
6 16
6 18
6 7
7 24
7 13
7 10
7 18
7 15
7 24
7 17
7 15
8 14
8 10
8 15
8 24
8 24
8 11
8 19
8 12
9 22
9 24
9 17
9 22
9 10
9 14
9 18
9 21
10 15
10 13
10 24
10 16
10 23
10 21
10 17
10 23
11 24
11 23
11 22
11 14
11 14
11 19
11 23
11 18
12 13
12 21
12 17
12 19
12 19
12 18
12 21
12 17
13 22
13 18
13 21
13 22
13 22
13 21
13 16
13 19
14 24
14 21
14 22
14 17
14 18
14 24
14 22
14 24
15 16
15 17
15 23
15 18
15 23
15 19
15 23
15 18
16 24
16 23
16 22
16 22
16 20
16 19
16 21
16 20
17 21
17 21
17 21
17 19
17 23
17 21
17 19
17 19
18 19
18 20
18 22
18 19
18 20
18 19
18 24
18 21
19 23
19 23
19 22
19 22
19 24
19 24
19 22
19 24
20 22
20 22
20 23
20 22
20 23
20 23
20 24
20 23
21 22
21 24
21 23
21 23
21 24
21 24
21 24
21 22
