65
396
0 1
0 2
0 3
0 4
0 5
0 6
0 7
0 8
0 9
55 64
56 64
57 64
58 64
59 64
60 64
61 64
62 64
63 64
1 37
1 10
1 48
1 57
1 10
1 54
1 38
2 24
2 62
2 39
2 11
2 20
2 13
2 15
3 13
3 54
3 62
3 56
3 31
3 55
3 18
4 45
4 20
4 49
4 33
4 25
4 29
4 53
5 10
5 17
5 31
5 53
5 33
5 31
5 63
6 50
6 22
6 37
6 10
6 20
6 13
6 11
7 47
7 32
7 16
7 50
7 38
7 31
7 58
8 59
8 22
8 12
8 57
8 48
8 14
8 26
9 25
9 49
9 15
9 25
9 56
9 53
9 31
10 53
10 63
10 30
10 48
10 19
10 37
10 19
11 39
11 38
11 39
11 56
11 33
11 43
11 40
12 50
12 26
12 60
12 28
12 27
12 62
12 30
13 45
13 55
13 44
13 24
13 23
13 41
13 47
14 42
14 46
14 48
14 38
14 45
14 21
14 29
15 46
15 39
15 30
15 28
15 59
15 57
15 27
16 35
16 36
16 48
16 22
16 51
16 44
16 31
17 59
17 50
17 49
17 48
17 41
17 29
17 53
18 45
18 58
18 43
18 31
18 47
18 27
18 57
19 38
19 47
19 32
19 63
19 50
19 50
19 63
20 43
20 52
20 51
20 30
20 40
20 35
20 60
21 36
21 59
21 34
21 30
21 52
21 37
21 59
22 56
22 28
22 46
22 54
22 29
22 44
22 55
23 49
23 52
23 39
23 39
23 52
23 59
23 38
24 54
24 45
24 53
24 33
24 33
24 40
24 35
25 46
25 63
25 48
25 34
25 58
25 54
25 36
26 46
26 44
26 47
26 55
26 60
26 30
26 61
27 41
27 62
27 52
27 62
27 50
27 63
27 37
28 54
28 48
28 45
28 53
28 38
28 52
28 38
29 42
29 53
29 44
29 40
29 62
29 37
29 55
30 54
30 52
30 62
30 44
30 57
30 54
30 62
31 53
31 63
31 57
31 49
31 52
31 45
31 54
32 46
32 42
32 44
32 52
32 53
32 52
32 42
33 44
33 57
33 43
33 49
33 46
33 50
33 52
34 60
34 39
34 43
34 51
34 55
34 57
34 58
35 48
35 48
35 45
35 54
35 63
35 38
35 55
36 41
36 46
36 45
36 39
36 40
36 41
36 54
37 57
37 46
37 57
37 55
37 57
37 55
37 49
38 46
38 57
38 53
38 52
38 51
38 59
38 46
39 60
39 53
39 49
39 60
39 53
39 48
39 50
40 59
40 58
40 59
40 52
40 47
40 48
40 54
41 50
41 61
41 52
41 59
41 61
41 63
41 48
42 52
42 54
42 49
42 51
42 48
42 56
42 55
43 51
43 50
43 55
43 47
43 55
43 58
43 61
44 62
44 58
44 46
44 55
44 52
44 57
44 62
45 51
45 59
45 50
45 55
45 55
45 56
45 49
46 61
46 63
46 60
46 57
46 62
46 55
46 62
47 62
47 56
47 62
47 58
47 60
47 62
47 57
48 58
48 63
48 62
48 63
48 57
48 62
48 55
49 61
49 55
49 60
49 57
49 58
49 55
49 55
50 58
50 55
50 58
50 62
50 63
50 55
50 62
51 59
51 62
51 60
51 56
51 61
51 56
51 57
52 56
52 61
52 60
52 59
52 60
52 56
52 59
53 60
53 63
53 59
53 57
53 61
53 55
53 57
54 62
54 62
54 58
54 56
54 62
54 59
54 62
