44
372
0 1
0 2
0 3
0 4
0 5
0 6
37 43
38 43
39 43
40 43
41 43
42 43
1 7
1 20
1 8
1 13
1 36
1 24
1 14
1 32
1 15
1 34
2 11
2 34
2 24
2 12
2 12
2 9
2 40
2 30
2 30
2 20
3 11
3 15
3 35
3 28
3 26
3 29
3 10
3 29
3 24
3 11
4 28
4 40
4 24
4 9
4 26
4 17
4 27
4 33
4 22
4 35
5 41
5 27
5 26
5 22
5 12
5 11
5 40
5 9
5 14
5 7
6 38
6 18
6 16
6 30
6 19
6 35
6 32
6 22
6 37
6 30
7 30
7 35
7 15
7 42
7 25
7 21
7 14
7 15
7 27
7 30
8 41
8 19
8 36
8 30
8 20
8 35
8 26
8 30
8 35
8 28
9 36
9 40
9 19
9 31
9 34
9 36
9 39
9 27
9 13
9 16
10 38
10 31
10 38
10 33
10 22
10 42
10 41
10 23
10 15
10 17
11 32
11 13
11 24
11 25
11 23
11 23
11 39
11 36
11 32
11 23
12 21
12 26
12 21
12 20
12 36
12 34
12 13
12 33
12 18
12 13
13 24
13 26
13 25
13 41
13 40
13 22
13 40
13 42
13 31
13 34
14 34
14 38
14 35
14 19
14 37
14 37
14 36
14 19
14 36
14 41
15 24
15 25
15 36
15 42
15 38
15 34
15 33
15 36
15 30
15 42
16 30
16 27
16 25
16 29
16 41
16 38
16 24
16 38
16 37
16 28
17 22
17 21
17 40
17 30
17 21
17 34
17 24
17 30
17 34
17 41
18 29
18 31
18 39
18 38
18 22
18 26
18 29
18 36
18 19
18 32
19 36
19 41
19 28
19 28
19 27
19 32
19 42
19 30
19 32
19 40
20 38
20 33
20 36
20 41
20 38
20 25
20 32
20 37
20 42
20 27
21 33
21 26
21 38
21 36
21 26
21 41
21 25
21 42
21 39
21 26
22 30
22 30
22 40
22 31
22 33
22 40
22 37
22 30
22 27
22 26
23 28
23 40
23 32
23 39
23 38
23 27
23 39
23 25
23 39
23 37
24 26
24 27
24 38
24 39
24 38
24 39
24 37
24 37
24 37
24 31
25 42
25 36
25 36
25 39
25 40
25 39
25 42
25 40
25 36
25 36
26 39
26 39
26 32
26 40
26 42
26 33
26 42
26 42
26 32
26 42
27 36
27 39
27 39
27 42
27 35
27 32
27 42
27 39
27 38
27 40
28 34
28 41
28 37
28 31
28 37
28 35
28 39
28 40
28 32
28 37
29 34
29 41
29 33
29 35
29 38
29 36
29 41
29 42
29 36
29 34
30 41
30 33
30 42
30 41
30 36
30 38
30 31
30 36
30 35
30 42
31 39
31 42
31 41
31 40
31 42
31 39
31 38
31 37
31 41
31 39
32 37
32 38
32 41
32 39
32 40
32 37
32 37
32 42
32 42
32 42
33 40
33 38
33 42
33 39
33 41
33 42
33 41
33 41
33 41
33 37
34 38
34 41
34 42
34 40
34 38
34 39
34 41
34 37
34 39
34 39
35 38
35 39
35 38
35 42
35 40
35 41
35 42
35 40
35 40
35 39
36 37
36 37
36 39
36 42
36 40
36 37
36 39
36 42
36 39
36 41
