34
112
0 1
0 2
0 3
0 4
0 5
0 6
0 7
0 8
25 33
26 33
27 33
28 33
29 33
30 33
31 33
32 33
1 27
1 9
1 16
1 25
2 28
2 32
2 18
2 20
3 18
3 31
3 25
3 10
4 26
4 16
4 9
4 11
5 17
5 12
5 9
5 14
6 19
6 13
6 11
6 25
7 29
7 26
7 31
7 30
8 28
8 25
8 15
8 22
9 25
9 22
9 22
9 28
10 29
10 32
10 31
10 30
11 22
11 23
11 24
11 23
12 22
12 32
12 26
12 30
13 27
13 18
13 27
13 29
14 22
14 21
14 29
14 27
15 31
15 27
15 32
15 26
16 19
16 22
16 24
16 27
17 28
17 29
17 31
17 32
18 28
18 29
18 30
18 26
19 28
19 29
19 32
19 25
20 28
20 25
20 31
20 30
21 27
21 25
21 26
21 32
22 30
22 30
22 26
22 28
23 32
23 25
23 29
23 27
24 31
24 28
24 29
24 26
