50
138
0 1
0 2
0 3
0 4
0 5
0 6
43 49
44 49
45 49
46 49
47 49
48 49
1 11
1 20
1 10
2 24
2 39
2 18
3 26
3 37
3 48
4 21
4 46
4 27
5 7
5 29
5 9
6 12
6 24
6 8
7 15
7 14
7 44
8 28
8 27
8 48
9 42
9 13
9 36
10 15
10 24
10 26
11 16
11 34
11 22
12 17
12 31
12 48
13 23
13 25
13 47
14 26
14 27
14 32
15 20
15 19
15 35
16 28
16 36
16 46
17 33
17 36
17 41
18 23
18 21
18 35
19 34
19 30
19 48
20 25
20 25
20 47
21 27
21 44
21 25
22 48
22 37
22 43
23 39
23 33
23 29
24 43
24 34
24 25
25 31
25 41
25 43
26 47
26 36
26 41
27 38
27 45
27 38
28 47
28 47
28 35
29 33
29 32
29 38
30 36
30 39
30 44
31 45
31 39
31 38
32 45
32 38
32 38
33 43
33 40
33 46
34 48
34 47
34 47
35 40
35 47
35 37
36 47
36 43
36 42
37 43
37 48
37 48
38 44
38 44
38 46
39 46
39 47
39 46
40 48
40 44
40 46
41 47
41 44
41 48
42 48
42 46
42 47
