47
378
0 1
0 2
0 3
0 4
0 5
0 6
0 7
0 8
0 9
37 46
38 46
39 46
40 46
41 46
42 46
43 46
44 46
45 46
1 10
1 23
1 11
1 16
1 39
1 27
1 17
1 35
1 18
1 37
2 14
2 37
2 27
2 15
2 15
2 12
2 43
2 33
2 33
2 23
3 14
3 18
3 38
3 31
3 29
3 32
3 13
3 32
3 27
3 14
4 31
4 43
4 27
4 12
4 29
4 20
4 30
4 36
4 25
4 38
5 44
5 30
5 29
5 25
5 15
5 14
5 43
5 12
5 17
5 10
6 41
6 21
6 19
6 33
6 22
6 38
6 35
6 25
6 40
6 33
7 45
7 26
7 30
7 27
7 28
7 30
7 17
7 12
7 36
7 33
8 20
8 34
8 33
8 39
8 29
8 38
8 23
8 27
8 20
8 31
9 27
9 31
9 22
9 16
9 19
9 15
9 24
9 24
9 10
9 19
10 20
10 19
10 44
10 21
10 43
10 24
10 23
10 23
10 36
10 29
11 44
11 37
11 27
11 22
11 20
11 26
11 30
11 33
11 41
11 38
12 27
12 32
12 42
12 38
12 45
12 31
12 25
12 24
12 36
12 34
13 24
13 38
13 34
13 38
13 40
13 31
13 43
13 33
13 25
13 22
14 43
14 23
14 41
14 40
14 43
14 31
14 21
14 43
14 45
14 32
15 36
15 43
15 45
15 21
15 35
15 34
15 33
15 30
15 39
15 39
16 45
16 33
16 31
16 23
16 41
16 41
16 24
16 38
16 28
16 19
17 31
17 42
17 40
17 42
17 36
17 37
17 27
17 27
17 34
17 26
18 41
18 40
18 39
18 29
18 31
18 44
18 44
18 45
18 28
18 26
19 39
19 44
19 31
19 31
19 30
19 35
19 45
19 33
19 35
19 43
20 41
20 36
20 39
20 44
20 41
20 28
20 35
20 40
20 45
20 30
21 36
21 29
21 41
21 39
21 29
21 44
21 28
21 45
21 42
21 29
22 33
22 33
22 43
22 34
22 36
22 43
22 40
22 33
22 30
22 29
23 31
23 43
23 35
23 42
23 41
23 30
23 42
23 28
23 42
23 40
24 29
24 30
24 41
24 42
24 41
24 42
24 40
24 40
24 40
24 34
25 39
25 45
25 39
25 36
25 31
25 30
25 33
25 43
25 33
25 33
26 42
26 36
26 29
26 31
26 33
26 42
26 33
26 45
26 41
26 45
27 39
27 42
27 30
27 33
27 38
27 41
27 45
27 30
27 35
27 37
28 37
28 44
28 43
28 37
28 43
28 38
28 39
28 37
28 44
28 43
29 43
29 41
29 42
29 44
29 44
29 45
29 38
29 39
29 45
29 40
30 38
30 45
30 45
30 38
30 39
30 44
30 43
30 39
30 38
30 39
31 39
31 45
31 38
31 37
31 45
31 42
31 38
31 37
31 41
31 45
32 43
32 38
32 38
32 39
32 43
32 37
32 37
32 42
32 39
32 45
33 37
33 38
33 42
33 45
33 38
33 45
33 44
33 44
33 38
33 43
34 44
34 38
34 42
34 43
34 38
34 39
34 38
34 37
34 39
34 42
35 44
35 45
35 41
35 45
35 37
35 38
35 45
35 37
35 43
35 45
36 43
36 43
36 45
36 39
36 43
36 37
36 45
36 39
36 42
36 44
