42
240
0 1
0 2
0 3
0 4
0 5
0 6
0 7
0 8
33 41
34 41
35 41
36 41
37 41
38 41
39 41
40 41
1 28
1 29
1 27
1 10
1 12
1 32
1 15
2 33
2 12
2 36
2 14
2 18
2 14
2 24
3 22
3 25
3 19
3 34
3 11
3 23
3 33
4 12
4 40
4 9
4 11
4 38
4 32
4 21
5 11
5 25
5 38
5 30
5 13
5 24
5 31
6 16
6 16
6 37
6 40
6 19
6 32
6 14
7 28
7 37
7 29
7 10
7 21
7 39
7 35
8 24
8 22
8 28
8 27
8 21
8 28
8 29
9 26
9 36
9 34
9 37
9 36
9 31
9 26
10 24
10 31
10 17
10 32
10 38
10 37
10 31
11 40
11 29
11 28
11 27
11 33
11 32
11 28
12 22
12 31
12 39
12 21
12 36
12 18
12 31
13 32
13 21
13 19
13 17
13 32
13 28
13 37
14 19
14 19
14 39
14 27
14 33
14 39
14 34
15 30
15 27
15 40
15 21
15 31
15 20
15 31
16 24
16 35
16 35
16 21
16 25
16 25
16 17
17 36
17 26
17 39
17 27
17 30
17 33
17 28
18 30
18 29
18 40
18 40
18 39
18 38
18 34
19 31
19 28
19 35
19 28
19 39
19 27
19 40
20 29
20 30
20 38
20 28
20 32
20 40
20 32
21 33
21 40
21 40
21 28
21 25
21 38
21 31
22 31
22 31
22 34
22 36
22 35
22 33
22 35
23 33
23 31
23 29
23 39
23 34
23 39
23 26
24 32
24 25
24 25
24 37
24 30
24 38
24 40
25 38
25 38
25 40
25 38
25 37
25 39
25 33
26 38
26 37
26 39
26 36
26 35
26 40
26 39
27 37
27 33
27 33
27 37
27 39
27 37
27 35
28 40
28 36
28 36
28 40
28 36
28 36
28 36
29 34
29 33
29 35
29 39
29 38
29 34
29 36
30 35
30 33
30 36
30 40
30 37
30 35
30 35
31 39
31 34
31 33
31 35
31 34
31 33
31 39
32 40
32 38
32 33
32 40
32 33
32 36
32 39
