58
208
0 1
0 2
0 3
0 4
0 5
0 6
0 7
0 8
49 57
50 57
51 57
52 57
53 57
54 57
55 57
56 57
1 12
1 49
1 18
1 54
2 14
2 24
2 19
2 45
3 9
3 16
3 10
3 40
4 21
4 18
4 44
4 37
5 39
5 36
5 13
5 48
6 12
6 26
6 10
6 52
7 15
7 11
7 27
7 25
8 56
8 11
8 36
8 27
9 19
9 37
9 48
9 24
10 20
10 35
10 28
10 52
11 34
11 38
11 36
11 30
12 31
12 39
12 18
12 21
13 50
13 30
13 45
13 22
14 23
14 22
14 17
14 22
15 32
15 35
15 54
15 47
16 53
16 49
16 18
16 47
17 45
17 49
17 54
17 48
18 43
18 25
18 36
18 44
19 46
19 55
19 26
19 28
20 45
20 51
20 25
20 31
21 33
21 29
21 36
21 47
22 50
22 36
22 36
22 41
23 38
23 41
23 48
23 26
24 41
24 41
24 56
24 29
25 49
25 53
25 37
25 52
26 45
26 40
26 39
26 43
27 38
27 40
27 38
27 50
28 35
28 54
28 56
28 35
29 42
29 35
29 33
29 35
30 46
30 45
30 52
30 35
31 37
31 51
31 44
31 38
32 35
32 51
32 34
32 43
33 55
33 46
33 54
33 52
34 53
34 53
34 54
34 42
35 52
35 43
35 52
35 46
36 49
36 51
36 48
36 42
37 46
37 41
37 45
37 51
38 45
38 48
38 54
38 49
39 42
39 41
39 54
39 52
40 44
40 48
40 54
40 42
41 53
41 52
41 53
41 50
42 56
42 50
42 51
42 51
43 53
43 54
43 49
43 53
44 49
44 56
44 54
44 54
45 56
45 50
45 56
45 52
46 49
46 53
46 53
46 50
47 54
47 50
47 53
47 49
48 49
48 51
48 50
48 54
