42
220
0 1
0 2
0 3
0 4
0 5
36 41
37 41
38 41
39 41
40 41
1 9
1 22
1 7
1 35
1 37
1 9
2 31
2 37
2 10
2 15
2 21
2 15
3 12
3 33
3 8
3 35
3 21
3 38
4 10
4 23
4 9
4 35
4 32
4 10
5 7
5 6
5 22
5 16
5 22
5 14
6 37
6 12
6 30
6 30
6 17
6 18
7 36
7 29
7 39
7 30
7 35
7 26
8 30
8 18
8 13
8 14
8 37
8 16
9 26
9 32
9 38
9 36
9 26
9 31
10 11
10 19
10 11
10 27
10 14
10 39
11 35
11 22
11 16
11 39
11 28
11 29
12 24
12 18
12 22
12 37
12 33
12 23
13 40
13 24
13 40
13 34
13 22
13 26
14 39
14 20
14 24
14 16
14 25
14 31
15 38
15 20
15 19
15 18
15 39
15 32
16 24
16 33
16 30
16 24
16 24
16 23
17 22
17 22
17 40
17 30
17 40
17 39
18 22
18 24
18 29
18 21
18 23
18 23
19 38
19 36
19 32
19 27
19 29
19 26
20 32
20 21
20 33
20 26
20 36
20 36
21 34
21 39
21 28
21 31
21 39
21 28
22 38
22 30
22 39
22 34
22 29
22 29
23 40
23 37
23 27
23 28
23 32
23 36
24 40
24 39
24 32
24 31
24 27
24 40
25 27
25 34
25 27
25 26
25 36
25 32
26 36
26 34
26 40
26 35
26 39
26 33
27 38
27 38
27 39
27 33
27 37
27 34
28 38
28 36
28 40
28 37
28 35
28 38
29 37
29 35
29 34
29 33
29 35
29 35
30 39
30 33
30 40
30 36
30 33
30 40
31 37
31 40
31 39
31 39
31 40
31 39
32 38
32 39
32 37
32 37
32 36
32 40
33 37
33 39
33 37
33 39
33 40
33 36
34 36
34 38
34 40
34 36
34 36
34 37
35 36
35 36
35 36
35 40
35 36
35 39
