34
288
0 1
0 2
0 3
0 4
29 33
30 33
31 33
32 33
1 15
1 29
1 8
1 24
1 10
1 29
1 10
1 31
1 32
1 21
2 24
2 8
2 22
2 28
2 9
2 9
2 30
2 12
2 7
2 8
3 28
3 5
3 5
3 6
3 27
3 17
3 32
3 19
3 27
3 12
4 7
4 9
4 20
4 10
4 12
4 25
4 18
4 18
4 7
4 18
5 14
5 30
5 9
5 27
5 30
5 26
5 23
5 11
5 21
5 18
6 22
6 21
6 10
6 23
6 30
6 32
6 19
6 25
6 11
6 25
7 16
7 9
7 26
7 15
7 19
7 25
7 23
7 32
7 22
7 13
8 29
8 28
8 11
8 22
8 14
8 24
8 15
8 29
8 26
8 27
9 26
9 24
9 31
9 23
9 14
9 20
9 22
9 24
9 13
9 16
10 28
10 32
10 17
10 21
10 27
10 19
10 22
10 25
10 22
10 23
11 26
11 23
11 26
11 16
11 20
11 32
11 27
11 22
11 32
11 24
12 32
12 17
12 15
12 23
12 19
12 28
12 22
12 28
12 19
12 14
13 20
13 19
13 22
13 20
13 19
13 24
13 22
13 28
13 32
13 23
14 27
14 21
14 21
14 28
14 20
14 32
14 27
14 18
14 17
14 22
15 18
15 29
15 30
15 32
15 31
15 20
15 28
15 20
15 32
15 22
16 30
16 19
16 24
16 19
16 22
16 27
16 26
16 27
16 22
16 25
17 29
17 28
17 22
17 26
17 28
17 25
17 21
17 26
17 23
17 22
18 32
18 32
18 30
18 21
18 23
18 24
18 21
18 26
18 23
18 28
19 24
19 24
19 22
19 23
19 22
19 23
19 29
19 27
19 29
19 27
20 28
20 29
20 22
20 29
20 22
20 29
20 21
20 27
20 27
20 27
21 28
21 30
21 30
21 29
21 30
21 25
21 28
21 26
21 30
21 30
22 29
22 25
22 30
22 26
22 28
22 31
22 28
22 32
22 26
22 32
23 26
23 29
23 29
23 28
23 29
23 30
23 32
23 29
23 28
23 26
24 32
24 31
24 31
24 29
24 27
24 29
24 29
24 30
24 30
24 27
25 32
25 31
25 31
25 29
25 32
25 30
25 31
25 32
25 30
25 32
26 31
26 31
26 32
26 31
26 30
26 32
26 29
26 30
26 29
26 32
27 31
27 32
27 31
27 30
27 32
27 29
27 30
27 29
27 31
27 31
28 31
28 30
28 29
28 29
28 30
28 29
28 31
28 32
28 32
28 32
