65
234
0 1
0 2
0 3
0 4
0 5
0 6
0 7
0 8
0 9
55 64
56 64
57 64
58 64
59 64
60 64
61 64
62 64
63 64
1 16
1 12
1 48
1 25
2 34
2 23
2 45
2 22
3 42
3 54
3 11
3 17
4 49
4 19
4 24
4 11
5 22
5 31
5 22
5 15
6 40
6 48
6 13
6 29
7 14
7 44
7 30
7 18
8 41
8 30
8 42
8 10
9 32
9 26
9 41
9 56
10 30
10 56
10 21
10 60
11 28
11 59
11 40
11 40
12 21
12 44
12 39
12 52
13 29
13 49
13 28
13 48
14 52
14 47
14 41
14 27
15 54
15 43
15 26
15 21
16 25
16 47
16 30
16 20
17 37
17 25
17 37
17 55
18 62
18 39
18 59
18 33
19 50
19 33
19 36
19 62
20 40
20 54
20 48
20 31
21 30
21 39
21 33
21 43
22 50
22 35
22 42
22 38
23 39
23 48
23 40
23 63
24 31
24 40
24 35
24 29
25 35
25 33
25 37
25 40
26 54
26 32
26 45
26 56
27 37
27 33
27 54
27 30
28 50
28 45
28 51
28 51
29 57
29 45
29 57
29 50
30 53
30 52
30 42
30 44
31 43
31 44
31 51
31 46
32 38
32 40
32 46
32 62
33 37
33 44
33 56
33 61
34 37
34 45
34 53
34 44
35 57
35 51
35 46
35 60
36 59
36 49
36 47
36 52
37 49
37 47
37 63
37 63
38 53
38 60
38 52
38 59
39 47
39 57
39 49
39 46
40 50
40 56
40 53
40 50
41 54
41 53
41 54
41 52
42 50
42 52
42 59
42 52
43 57
43 51
43 48
43 51
44 63
44 56
44 46
44 46
45 58
45 46
45 63
45 63
46 58
46 61
46 57
46 59
47 61
47 60
47 59
47 56
48 59
48 58
48 58
48 56
49 63
49 57
49 62
49 58
50 62
50 57
50 55
50 55
51 62
51 58
51 58
51 60
52 57
52 59
52 60
52 60
53 57
53 58
53 60
53 60
54 55
54 62
54 55
54 59
