38
132
0 1
0 2
0 3
0 4
0 5
0 6
31 37
32 37
33 37
34 37
35 37
36 37
1 20
1 33
1 14
1 30
2 21
2 35
2 11
2 11
3 12
3 20
3 8
3 11
4 12
4 10
4 27
4 25
5 16
5 14
5 17
5 8
6 9
6 27
6 7
6 9
7 33
7 16
7 24
7 27
8 35
8 18
8 24
8 28
9 30
9 23
9 13
9 20
10 21
10 21
10 16
10 24
11 35
11 30
11 16
11 26
12 15
12 17
12 25
12 24
13 36
13 23
13 35
13 24
14 23
14 33
14 24
14 31
15 22
15 36
15 19
15 26
16 33
16 22
16 27
16 21
17 26
17 32
17 28
17 26
18 22
18 30
18 20
18 24
19 27
19 33
19 36
19 29
20 29
20 36
20 32
20 28
21 34
21 28
21 25
21 32
22 30
22 25
22 30
22 28
23 28
23 31
23 27
23 36
24 26
24 34
24 26
24 28
25 35
25 34
25 33
25 36
26 33
26 32
26 34
26 35
27 33
27 33
27 31
27 31
28 36
28 36
28 33
28 31
29 33
29 33
29 32
29 36
30 31
30 35
30 33
30 32
