38
192
0 1
0 2
0 3
0 4
0 5
0 6
31 37
32 37
33 37
34 37
35 37
36 37
1 13
1 8
1 30
1 11
1 17
1 16
2 23
2 35
2 9
2 13
2 11
2 19
3 20
3 27
3 12
3 27
3 14
3 29
4 15
4 17
4 29
4 10
4 22
4 11
5 30
5 7
5 24
5 18
5 25
5 35
6 24
6 31
6 29
6 9
6 28
6 9
7 36
7 32
7 35
7 19
7 20
7 27
8 23
8 19
8 15
8 26
8 19
8 15
9 18
9 22
9 19
9 33
9 13
9 21
10 13
10 28
10 19
10 36
10 34
10 17
11 16
11 21
11 33
11 18
11 28
11 36
12 26
12 19
12 23
12 25
12 25
12 23
13 19
13 23
13 35
13 20
13 24
13 28
14 34
14 22
14 25
14 32
14 36
14 35
15 20
15 28
15 26
15 36
15 27
15 27
16 22
16 28
16 34
16 29
16 34
16 31
17 20
17 33
17 31
17 19
17 31
17 36
18 27
18 30
18 22
18 25
18 31
18 26
19 28
19 26
19 27
19 32
19 31
19 32
20 28
20 25
20 33
20 28
20 28
20 29
21 28
21 36
21 36
21 25
21 28
21 25
22 29
22 35
22 28
22 36
22 33
22 26
23 35
23 29
23 31
23 36
23 34
23 29
24 29
24 29
24 30
24 31
24 29
24 29
25 36
25 32
25 33
25 32
25 33
25 36
26 34
26 35
26 35
26 34
26 35
26 32
27 34
27 34
27 31
27 35
27 31
27 31
28 31
28 33
28 36
28 31
28 36
28 33
29 36
29 35
29 31
29 33
29 33
29 35
30 35
30 33
30 35
30 31
30 32
30 35
