82
300
0 1
0 2
0 3
0 4
0 5
0 6
0 7
0 8
0 9
0 10
71 81
72 81
73 81
74 81
75 81
76 81
77 81
78 81
79 81
80 81
1 39
1 17
1 14
1 13
2 71
2 25
2 21
2 64
3 52
3 72
3 25
3 69
4 58
4 79
4 46
4 12
5 41
5 22
5 46
5 58
6 33
6 29
6 11
6 45
7 47
7 16
7 15
7 20
8 48
8 15
8 59
8 76
9 34
9 74
9 20
9 24
10 18
10 42
10 19
10 71
11 43
11 64
11 39
11 42
12 44
12 47
12 23
12 74
13 58
13 58
13 43
13 30
14 49
14 56
14 74
14 57
15 31
15 48
15 39
15 28
16 74
16 69
16 75
16 27
17 32
17 56
17 62
17 32
18 37
18 51
18 44
18 51
19 26
19 63
19 73
19 49
20 21
20 75
20 35
20 58
21 65
21 49
21 47
21 45
22 54
22 80
22 41
22 77
23 39
23 69
23 56
23 64
24 57
24 63
24 43
24 31
25 68
25 34
25 64
25 45
26 76
26 77
26 57
26 33
27 41
27 59
27 74
27 61
28 76
28 40
28 38
28 60
29 58
29 54
29 74
29 32
30 55
30 36
30 80
30 65
31 45
31 45
31 71
31 63
32 77
32 53
32 65
32 45
33 48
33 78
33 41
33 46
34 75
34 67
34 68
34 45
35 78
35 63
35 68
35 63
36 72
36 75
36 64
36 42
37 61
37 69
37 43
37 57
38 54
38 42
38 72
38 50
39 78
39 62
39 73
39 75
40 66
40 49
40 71
40 73
41 57
41 71
41 58
41 73
42 79
42 58
42 59
42 78
43 52
43 76
43 70
43 64
44 71
44 55
44 75
44 73
45 63
45 59
45 69
45 77
46 52
46 72
46 66
46 59
47 65
47 80
47 65
47 60
48 59
48 75
48 65
48 57
49 57
49 64
49 79
49 56
50 63
50 57
50 53
50 65
51 73
51 65
51 70
51 75
52 79
52 74
52 77
52 74
53 64
53 67
53 70
53 67
54 69
54 67
54 75
54 63
55 77
55 62
55 75
55 67
56 66
56 71
56 63
56 73
57 64
57 63
57 80
57 67
58 79
58 64
58 73
58 63
59 80
59 62
59 77
59 71
60 75
60 65
60 64
60 70
61 72
61 75
61 76
61 72
62 71
62 72
62 76
62 79
63 73
63 80
63 75
63 71
64 72
64 79
64 75
64 76
65 71
65 74
65 74
65 72
66 79
66 76
66 74
66 79
67 77
67 73
67 79
67 73
68 77
68 74
68 74
68 80
69 78
69 71
69 71
69 78
70 74
70 79
70 77
70 79
