38
102
0 1
0 2
0 3
0 4
0 5
0 6
31 37
32 37
33 37
34 37
35 37
36 37
1 13
1 8
1 22
2 25
2 14
2 18
3 12
3 10
3 20
4 7
4 26
4 9
5 13
5 18
5 12
6 11
6 30
6 25
7 22
7 18
7 25
8 28
8 32
8 35
9 22
9 27
9 31
10 28
10 34
10 22
11 16
11 33
11 35
12 17
12 15
12 35
13 28
13 24
13 36
14 28
14 34
14 35
15 36
15 35
15 26
16 35
16 21
16 19
17 35
17 36
17 34
18 29
18 25
18 23
19 26
19 28
19 30
20 36
20 35
20 31
21 33
21 26
21 27
22 36
22 30
22 33
23 34
23 32
23 27
24 31
24 35
24 36
25 35
25 34
25 32
26 35
26 36
26 35
27 35
27 35
27 32
28 31
28 31
28 33
29 35
29 36
29 34
30 32
30 35
30 33
