29
126
0 1
0 2
0 3
0 4
0 5
0 6
0 7
0 8
0 9
19 28
20 28
21 28
22 28
23 28
24 28
25 28
26 28
27 28
1 11
1 26
1 19
1 17
1 15
1 17
2 20
2 22
2 25
2 11
2 24
2 23
3 24
3 17
3 15
3 14
3 16
3 10
4 26
4 20
4 27
4 18
4 25
4 25
5 18
5 18
5 18
5 23
5 11
5 11
6 15
6 10
6 10
6 22
6 15
6 13
7 11
7 26
7 23
7 26
7 25
7 19
8 19
8 21
8 24
8 23
8 24
8 12
9 21
9 22
9 21
9 20
9 11
9 18
10 27
10 19
10 24
10 24
10 23
10 23
11 25
11 19
11 24
11 25
11 21
11 27
12 26
12 22
12 23
12 21
12 19
12 19
13 19
13 19
13 21
13 25
13 21
13 24
14 25
14 24
14 26
14 25
14 25
14 27
15 24
15 22
15 25
15 21
15 27
15 20
16 25
16 25
16 27
16 19
16 20
16 20
17 26
17 19
17 22
17 21
17 19
17 20
18 21
18 20
18 27
18 22
18 24
18 21
