44
189
0 1
0 2
0 3
0 4
0 5
0 6
0 7
36 43
37 43
38 43
39 43
40 43
41 43
42 43
1 8
1 28
1 34
1 29
1 38
2 40
2 13
2 36
2 24
2 31
3 20
3 18
3 11
3 29
3 32
4 15
4 29
4 34
4 40
4 37
5 9
5 16
5 39
5 27
5 12
6 14
6 29
6 39
6 28
6 10
7 29
7 40
7 8
7 20
7 26
8 24
8 25
8 30
8 36
8 39
9 37
9 20
9 34
9 40
9 39
10 35
10 24
10 24
10 33
10 21
11 32
11 18
11 20
11 20
11 28
12 16
12 17
12 22
12 19
12 23
13 36
13 38
13 25
13 15
13 30
14 35
14 36
14 24
14 34
14 29
15 32
15 35
15 39
15 30
15 30
16 29
16 28
16 25
16 31
16 30
17 30
17 39
17 34
17 33
17 28
18 24
18 27
18 37
18 31
18 30
19 36
19 39
19 25
19 31
19 37
20 31
20 23
20 31
20 33
20 28
21 29
21 23
21 41
21 26
21 29
22 35
22 38
22 42
22 36
22 33
23 30
23 30
23 41
23 33
23 40
24 41
24 35
24 38
24 40
24 31
25 37
25 32
25 32
25 34
25 34
26 33
26 41
26 42
26 40
26 32
27 39
27 34
27 40
27 37
27 29
28 40
28 41
28 38
28 40
28 34
29 40
29 39
29 41
29 36
29 36
30 38
30 39
30 42
30 38
30 37
31 42
31 38
31 38
31 38
31 41
32 36
32 41
32 39
32 42
32 38
33 42
33 36
33 41
33 37
33 37
34 41
34 42
34 40
34 41
34 37
35 36
35 38
35 38
35 41
35 37
