44
336
0 1
0 2
0 3
0 4
0 5
0 6
37 43
38 43
39 43
40 43
41 43
42 43
1 16
1 7
1 9
1 36
1 25
1 15
1 35
1 21
1 41
2 18
2 26
2 35
2 28
2 12
2 10
2 15
2 41
2 17
3 28
3 16
3 15
3 42
3 35
3 10
3 12
3 40
3 26
4 32
4 7
4 32
4 10
4 32
4 12
4 28
4 42
4 11
5 37
5 34
5 25
5 35
5 10
5 8
5 8
5 11
5 13
6 11
6 35
6 28
6 37
6 20
6 37
6 9
6 36
6 9
7 29
7 35
7 22
7 40
7 24
7 28
7 17
7 26
7 22
8 17
8 27
8 39
8 27
8 13
8 16
8 13
8 18
8 17
9 33
9 35
9 27
9 37
9 19
9 29
9 20
9 24
9 37
10 36
10 26
10 24
10 24
10 34
10 38
10 33
10 32
10 20
11 41
11 36
11 25
11 42
11 32
11 39
11 30
11 38
11 40
12 33
12 39
12 37
12 38
12 21
12 21
12 14
12 15
12 27
13 25
13 39
13 38
13 37
13 20
13 32
13 34
13 24
13 23
14 41
14 38
14 24
14 40
14 28
14 28
14 26
14 27
14 27
15 41
15 26
15 23
15 30
15 29
15 29
15 30
15 34
15 31
16 30
16 33
16 31
16 38
16 39
16 27
16 26
16 25
16 21
17 31
17 40
17 26
17 35
17 31
17 37
17 33
17 20
17 23
18 34
18 28
18 31
18 42
18 42
18 31
18 38
18 29
18 33
19 42
19 32
19 30
19 30
19 37
19 32
19 25
19 42
19 27
20 31
20 37
20 33
20 33
20 25
20 41
20 26
20 34
20 39
21 27
21 40
21 38
21 41
21 31
21 41
21 29
21 42
21 34
22 33
22 36
22 42
22 41
22 35
22 31
22 26
22 39
22 41
23 32
23 37
23 41
23 34
23 25
23 33
23 40
23 32
23 32
24 36
24 33
24 41
24 32
24 33
24 36
24 28
24 31
24 42
25 42
25 40
25 39
25 32
25 34
25 38
25 31
25 39
25 35
26 36
26 40
26 37
26 40
26 41
26 37
26 36
26 42
26 31
27 39
27 34
27 42
27 40
27 33
27 33
27 36
27 33
27 33
28 41
28 34
28 32
28 34
28 33
28 33
28 34
28 38
28 36
29 42
29 31
29 36
29 34
29 36
29 34
29 40
29 37
29 36
30 38
30 31
30 36
30 38
30 31
30 39
30 38
30 40
30 33
31 38
31 39
31 41
31 38
31 37
31 38
31 37
31 38
31 39
32 39
32 41
32 40
32 37
32 38
32 40
32 42
32 39
32 37
33 39
33 40
33 42
33 39
33 41
33 40
33 42
33 41
33 40
34 38
34 40
34 37
34 40
34 41
34 37
34 37
34 40
34 37
35 42
35 41
35 42
35 38
35 41
35 40
35 40
35 41
35 40
36 37
36 39
36 42
36 42
36 41
36 40
36 41
36 41
36 38
