34
184
0 1
0 2
0 3
0 4
0 5
0 6
0 7
0 8
25 33
26 33
27 33
28 33
29 33
30 33
31 33
32 33
1 32
1 23
1 9
1 19
1 9
1 25
1 31
2 14
2 29
2 10
2 15
2 29
2 13
2 21
3 17
3 11
3 10
3 18
3 23
3 28
3 25
4 11
4 11
4 26
4 11
4 23
4 21
4 23
5 26
5 30
5 12
5 25
5 21
5 28
5 11
6 13
6 20
6 26
6 18
6 17
6 27
6 16
7 13
7 31
7 20
7 13
7 10
7 22
7 14
8 16
8 17
8 22
8 10
8 11
8 15
8 12
9 17
9 27
9 19
9 19
9 17
9 22
9 27
10 21
10 25
10 22
10 25
10 21
10 23
10 19
11 21
11 25
11 26
11 25
11 24
11 22
11 22
12 17
12 27
12 27
12 32
12 19
12 17
12 26
13 21
13 31
13 29
13 22
13 26
13 31
13 24
14 26
14 20
14 18
14 30
14 29
14 23
14 22
15 17
15 29
15 24
15 21
15 22
15 18
15 29
16 29
16 23
16 18
16 29
16 17
16 29
16 28
17 27
17 29
17 29
17 31
17 27
17 26
17 28
18 28
18 32
18 27
18 29
18 28
18 29
18 26
19 32
19 27
19 32
19 32
19 32
19 31
19 28
20 29
20 32
20 32
20 25
20 30
20 26
20 29
21 30
21 30
21 32
21 32
21 26
21 29
21 31
22 28
22 30
22 26
22 32
22 29
22 29
22 28
23 32
23 25
23 30
23 31
23 27
23 29
23 30
24 26
24 27
24 25
24 30
24 27
24 25
24 30
