42
170
0 1
0 2
0 3
0 4
0 5
0 6
0 7
0 8
0 9
0 10
31 41
32 41
33 41
34 41
35 41
36 41
37 41
38 41
39 41
40 41
1 26
1 17
1 11
1 11
1 35
2 11
2 24
2 23
2 11
2 39
3 17
3 40
3 20
3 33
3 34
4 16
4 25
4 29
4 12
4 21
5 38
5 13
5 35
5 40
5 20
6 33
6 14
6 37
6 37
6 18
7 38
7 15
7 17
7 30
7 37
8 11
8 30
8 20
8 16
8 22
9 18
9 14
9 21
9 19
9 36
10 15
10 24
10 20
10 25
10 17
11 33
11 24
11 29
11 37
11 33
12 28
12 31
12 28
12 27
12 38
13 25
13 34
13 32
13 33
13 35
14 38
14 36
14 36
14 39
14 21
15 28
15 28
15 34
15 38
15 38
16 40
16 34
16 33
16 31
16 38
17 39
17 23
17 21
17 28
17 32
18 25
18 27
18 22
18 32
18 33
19 39
19 29
19 38
19 22
19 21
20 32
20 31
20 28
20 40
20 21
21 38
21 37
21 40
21 34
21 34
22 37
22 35
22 40
22 39
22 35
23 37
23 40
23 40
23 38
23 39
24 31
24 32
24 35
24 34
24 36
25 40
25 35
25 34
25 39
25 36
26 36
26 33
26 39
26 34
26 32
27 39
27 33
27 38
27 31
27 36
28 33
28 37
28 32
28 32
28 38
29 39
29 39
29 37
29 38
29 38
30 35
30 40
30 31
30 31
30 33
