50
376
0 1
0 2
0 3
0 4
0 5
0 6
0 7
0 8
41 49
42 49
43 49
44 49
45 49
46 49
47 49
48 49
1 38
1 24
1 21
1 40
1 12
1 41
1 16
1 42
1 42
2 31
2 42
2 37
2 25
2 40
2 25
2 39
2 28
2 10
3 38
3 10
3 44
3 19
3 18
3 23
3 18
3 25
3 17
4 11
4 33
4 15
4 24
4 22
4 23
4 36
4 13
4 26
5 20
5 13
5 19
5 13
5 27
5 12
5 42
5 43
5 35
6 10
6 34
6 14
6 43
6 15
6 15
6 38
6 25
6 16
7 44
7 35
7 33
7 12
7 29
7 9
7 11
7 44
7 22
8 17
8 24
8 19
8 34
8 35
8 15
8 36
8 32
8 33
9 47
9 25
9 27
9 17
9 42
9 20
9 38
9 44
9 42
10 28
10 41
10 19
10 36
10 20
10 37
10 20
10 40
10 25
11 28
11 34
11 37
11 25
11 18
11 20
11 35
11 43
11 46
12 41
12 38
12 29
12 41
12 36
12 37
12 20
12 36
12 30
13 23
13 25
13 25
13 17
13 36
13 17
13 19
13 23
13 21
14 39
14 26
14 44
14 47
14 37
14 29
14 35
14 46
14 30
15 38
15 32
15 24
15 36
15 25
15 45
15 48
15 17
15 32
16 37
16 20
16 19
16 18
16 27
16 27
16 27
16 27
16 46
17 35
17 45
17 45
17 39
17 27
17 46
17 26
17 41
17 43
18 46
18 44
18 32
18 27
18 33
18 31
18 26
18 36
18 39
19 38
19 44
19 48
19 37
19 48
19 27
19 39
19 25
19 37
20 25
20 27
20 47
20 31
20 38
20 35
20 43
20 44
20 37
21 40
21 46
21 46
21 26
21 35
21 41
21 25
21 38
21 41
22 32
22 31
22 29
22 38
22 37
22 48
22 37
22 25
22 47
23 32
23 32
23 39
23 44
23 32
23 42
23 35
23 30
23 47
24 37
24 48
24 34
24 42
24 32
24 31
24 39
24 33
24 34
25 47
25 34
25 39
25 39
25 33
25 37
25 43
25 38
25 41
26 42
26 35
26 34
26 40
26 42
26 33
26 39
26 37
26 48
27 48
27 47
27 46
27 46
27 36
27 45
27 47
27 37
27 44
28 46
28 35
28 45
28 47
28 33
28 46
28 37
28 39
28 46
29 41
29 34
29 35
29 34
29 43
29 37
29 35
29 35
29 46
30 35
30 41
30 35
30 34
30 40
30 33
30 47
30 37
30 36
31 44
31 35
31 40
31 39
31 48
31 42
31 35
31 46
31 42
32 48
32 34
32 33
32 45
32 43
32 34
32 48
32 44
32 44
33 44
33 46
33 46
33 42
33 48
33 46
33 44
33 41
33 45
34 44
34 48
34 41
34 48
34 43
34 44
34 47
34 41
34 43
35 41
35 44
35 41
35 42
35 43
35 42
35 42
35 48
35 44
36 43
36 47
36 47
36 47
36 42
36 44
36 44
36 43
36 43
37 42
37 46
37 44
37 46
37 42
37 43
37 47
37 41
37 45
38 42
38 47
38 45
38 44
38 47
38 48
38 44
38 41
38 43
39 46
39 42
39 42
39 41
39 45
39 48
39 48
39 43
39 41
40 43
40 46
40 44
40 46
40 47
40 41
40 41
40 45
40 42
