56
333
0 1
0 2
0 3
0 4
0 5
0 6
0 7
0 8
0 9
46 55
47 55
48 55
49 55
50 55
51 55
52 55
53 55
54 55
1 18
1 47
1 27
1 12
1 26
1 15
1 38
2 44
2 52
2 14
2 53
2 35
2 24
2 41
3 25
3 41
3 35
3 31
3 27
3 17
3 30
4 11
4 51
4 17
4 47
4 49
4 13
4 36
5 43
5 40
5 40
5 51
5 39
5 13
5 16
6 10
6 25
6 44
6 51
6 22
6 49
6 49
7 54
7 18
7 42
7 31
7 11
7 29
7 53
8 29
8 37
8 28
8 37
8 40
8 42
8 30
9 35
9 52
9 18
9 23
9 37
9 10
9 26
10 48
10 20
10 41
10 28
10 53
10 22
10 42
11 28
11 43
11 25
11 45
11 31
11 47
11 49
12 30
12 39
12 45
12 22
12 19
12 25
12 21
13 41
13 22
13 32
13 19
13 46
13 47
13 23
14 45
14 47
14 21
14 38
14 49
14 24
14 28
15 47
15 27
15 51
15 36
15 31
15 38
15 27
16 23
16 30
16 37
16 34
16 30
16 27
16 54
17 31
17 33
17 36
17 33
17 36
17 49
17 33
18 44
18 21
18 53
18 34
18 29
18 35
18 33
19 39
19 31
19 42
19 30
19 46
19 28
19 38
20 38
20 38
20 46
20 42
20 47
20 37
20 38
21 49
21 52
21 53
21 50
21 31
21 52
21 35
22 30
22 35
22 29
22 46
22 35
22 36
22 50
23 36
23 33
23 29
23 48
23 36
23 43
23 39
24 44
24 32
24 49
24 54
24 42
24 30
24 31
25 50
25 28
25 41
25 34
25 53
25 28
25 29
26 29
26 52
26 53
26 47
26 48
26 54
26 28
27 28
27 52
27 50
27 36
27 30
27 40
27 45
28 45
28 47
28 47
28 52
28 51
28 51
28 41
29 37
29 51
29 53
29 48
29 51
29 46
29 45
30 40
30 37
30 54
30 48
30 43
30 52
30 41
31 54
31 49
31 41
31 54
31 46
31 43
31 51
32 39
32 47
32 51
32 48
32 37
32 41
32 43
33 49
33 53
33 47
33 47
33 49
33 43
33 41
34 46
34 52
34 47
34 47
34 52
34 46
34 41
35 38
35 41
35 45
35 53
35 54
35 47
35 50
36 43
36 51
36 47
36 46
36 43
36 41
36 37
37 50
37 54
37 50
37 54
37 53
37 50
37 53
38 54
38 47
38 48
38 54
38 54
38 50
38 47
39 51
39 48
39 51
39 53
39 51
39 48
39 49
40 50
40 49
40 54
40 47
40 52
40 46
40 54
41 48
41 50
41 52
41 52
41 47
41 46
41 49
42 52
42 50
42 48
42 52
42 49
42 48
42 49
43 48
43 50
43 50
43 52
43 53
43 53
43 48
44 49
44 46
44 51
44 51
44 47
44 50
44 50
45 52
45 50
45 48
45 54
45 52
45 52
45 51
