30
119
0 1
0 2
0 3
0 4
0 5
0 6
0 7
22 29
23 29
24 29
25 29
26 29
27 29
28 29
1 11
1 24
1 16
1 26
1 19
2 18
2 8
2 13
2 23
2 24
3 19
3 15
3 12
3 19
3 13
4 13
4 21
4 17
4 20
4 9
5 19
5 15
5 17
5 23
5 14
6 8
6 19
6 16
6 15
6 23
7 25
7 16
7 19
7 10
7 14
8 28
8 21
8 28
8 19
8 15
9 23
9 16
9 20
9 19
9 25
10 16
10 15
10 24
10 26
10 25
11 26
11 28
11 25
11 26
11 28
12 25
12 19
12 18
12 24
12 24
13 17
13 19
13 26
13 19
13 28
14 23
14 19
14 18
14 22
14 23
15 23
15 22
15 23
15 22
15 24
16 24
16 28
16 24
16 27
16 23
17 27
17 22
17 23
17 23
17 26
18 27
18 24
18 22
18 23
18 27
19 22
19 23
19 24
19 24
19 28
20 28
20 25
20 25
20 25
20 24
21 24
21 26
21 24
21 23
21 24
