23
96
0 1
0 2
0 3
19 22
20 22
21 22
1 10
1 10
1 12
1 4
1 5
2 14
2 20
2 4
2 16
2 15
3 13
3 14
3 6
3 14
3 21
4 13
4 9
4 9
4 19
4 19
5 14
5 18
5 8
5 12
5 18
6 8
6 7
6 21
6 11
6 21
7 14
7 19
7 13
7 11
7 19
8 21
8 19
8 21
8 19
8 17
9 13
9 14
9 15
9 19
9 16
10 18
10 17
10 15
10 18
10 15
11 14
11 16
11 15
11 21
11 16
12 15
12 13
12 13
12 20
12 15
13 20
13 19
13 16
13 21
13 18
14 17
14 18
14 19
14 17
14 21
15 21
15 20
15 18
15 18
15 17
16 21
16 20
16 20
16 21
16 20
17 19
17 20
17 21
17 21
17 19
18 19
18 21
18 20
18 19
18 20
