62
220
0 1
0 2
0 3
0 4
0 5
0 6
0 7
0 8
0 9
0 10
51 61
52 61
53 61
54 61
55 61
56 61
57 61
58 61
59 61
60 61
1 34
1 11
1 34
1 49
2 14
2 28
2 32
2 29
3 20
3 30
3 43
3 26
4 30
4 29
4 49
4 48
5 60
5 24
5 35
5 19
6 48
6 49
6 45
6 46
7 44
7 58
7 17
7 33
8 27
8 16
8 13
8 52
9 18
9 36
9 42
9 23
10 53
10 15
10 42
10 12
11 46
11 44
11 57
11 55
12 22
12 27
12 25
12 34
13 50
13 41
13 22
13 40
14 52
14 49
14 25
14 35
15 58
15 24
15 59
15 56
16 31
16 21
16 37
16 50
17 36
17 60
17 23
17 40
18 44
18 36
18 21
18 30
19 59
19 49
19 56
19 52
20 56
20 52
20 57
20 37
21 53
21 41
21 56
21 54
22 31
22 53
22 60
22 58
23 46
23 39
23 33
23 38
24 39
24 31
24 57
24 37
25 32
25 39
25 46
25 35
26 54
26 59
26 36
26 54
27 49
27 54
27 48
27 36
28 35
28 54
28 33
28 49
29 56
29 50
29 42
29 56
30 34
30 42
30 45
30 41
31 42
31 59
31 48
31 42
32 41
32 55
32 58
32 42
33 43
33 46
33 59
33 59
34 46
34 44
34 44
34 46
35 57
35 41
35 42
35 54
36 47
36 46
36 42
36 42
37 45
37 46
37 60
37 49
38 59
38 44
38 59
38 60
39 55
39 59
39 41
39 55
40 53
40 51
40 57
40 47
41 58
41 55
41 55
41 55
42 60
42 59
42 60
42 59
43 51
43 51
43 52
43 57
44 56
44 55
44 51
44 53
45 60
45 52
45 53
45 60
46 57
46 53
46 59
46 51
47 51
47 52
47 56
47 53
48 54
48 52
48 52
48 53
49 58
49 56
49 57
49 59
50 56
50 58
50 57
50 59
