62
420
0 1
0 2
0 3
0 4
0 5
0 6
0 7
0 8
0 9
0 10
51 61
52 61
53 61
54 61
55 61
56 61
57 61
58 61
59 61
60 61
1 40
1 37
1 43
1 19
1 39
1 45
1 14
1 33
2 47
2 39
2 23
2 32
2 59
2 24
2 37
2 46
3 41
3 39
3 32
3 59
3 36
3 11
3 12
3 48
4 11
4 17
4 38
4 48
4 37
4 18
4 26
4 16
5 44
5 59
5 27
5 25
5 43
5 30
5 47
5 30
6 60
6 60
6 53
6 60
6 23
6 31
6 45
6 55
7 59
7 16
7 55
7 36
7 18
7 56
7 23
7 18
8 15
8 53
8 57
8 41
8 60
8 23
8 48
8 45
9 21
9 14
9 59
9 55
9 35
9 48
9 26
9 34
10 49
10 18
10 33
10 13
10 38
10 20
10 57
10 37
11 35
11 23
11 52
11 45
11 28
11 47
11 44
11 44
12 39
12 31
12 54
12 60
12 33
12 54
12 34
12 25
13 37
13 35
13 29
13 52
13 52
13 37
13 37
13 30
14 24
14 32
14 34
14 24
14 51
14 60
14 42
14 57
15 54
15 25
15 41
15 21
15 51
15 25
15 37
15 21
16 35
16 22
16 60
16 39
16 55
16 26
16 43
16 32
17 40
17 43
17 55
17 23
17 59
17 31
17 24
17 55
18 34
18 37
18 58
18 24
18 28
18 39
18 21
18 21
19 43
19 33
19 53
19 26
19 37
19 29
19 26
19 43
20 23
20 58
20 21
20 57
20 23
20 35
20 60
20 34
21 48
21 56
21 58
21 38
21 59
21 41
21 32
21 32
22 59
22 31
22 56
22 56
22 51
22 38
22 38
22 44
23 40
23 50
23 51
23 57
23 51
23 48
23 39
23 43
24 57
24 52
24 51
24 41
24 56
24 51
24 34
24 35
25 38
25 31
25 43
25 36
25 33
25 36
25 38
25 31
26 37
26 55
26 48
26 57
26 32
26 55
26 32
26 41
27 45
27 44
27 59
27 57
27 32
27 60
27 39
27 50
28 51
28 59
28 31
28 46
28 41
28 56
28 51
28 49
29 57
29 33
29 46
29 51
29 60
29 53
29 52
29 58
30 39
30 31
30 47
30 40
30 56
30 48
30 43
30 32
31 44
31 53
31 48
31 57
31 42
31 58
31 56
31 52
32 56
32 56
32 58
32 59
32 42
32 48
32 59
32 60
33 42
33 44
33 60
33 53
33 49
33 53
33 41
33 57
34 56
34 57
34 59
34 41
34 56
34 43
34 42
34 59
35 55
35 41
35 55
35 57
35 58
35 43
35 48
35 53
36 58
36 57
36 43
36 51
36 56
36 41
36 42
36 49
37 57
37 54
37 42
37 45
37 46
37 42
37 53
37 41
38 58
38 43
38 53
38 45
38 45
38 46
38 44
38 60
39 46
39 50
39 48
39 43
39 52
39 55
39 48
39 42
40 44
40 42
40 44
40 59
40 43
40 46
40 48
40 51
41 59
41 59
41 55
41 56
41 52
41 59
41 59
41 51
42 52
42 51
42 55
42 58
42 57
42 60
42 57
42 54
43 60
43 56
43 59
43 53
43 51
43 56
43 56
43 56
44 57
44 60
44 54
44 51
44 55
44 53
44 51
44 53
45 51
45 57
45 58
45 54
45 58
45 56
45 54
45 59
46 59
46 59
46 56
46 57
46 60
46 55
46 60
46 59
47 60
47 58
47 54
47 52
47 55
47 59
47 57
47 54
48 60
48 53
48 54
48 54
48 55
48 57
48 58
48 58
49 55
49 58
49 51
49 52
49 55
49 55
49 60
49 53
50 55
50 58
50 59
50 54
50 54
50 51
50 55
50 55
