42
150
0 1
0 2
0 3
0 4
0 5
36 41
37 41
38 41
39 41
40 41
1 7
1 33
1 37
1 28
2 21
2 6
2 10
2 24
3 12
3 27
3 31
3 12
4 30
4 26
4 17
4 10
5 29
5 18
5 9
5 8
6 21
6 31
6 15
6 19
7 12
7 12
7 16
7 22
8 15
8 27
8 13
8 21
9 36
9 14
9 21
9 31
10 11
10 20
10 37
10 28
11 18
11 34
11 24
11 25
12 22
12 37
12 21
12 30
13 19
13 34
13 20
13 16
14 19
14 39
14 24
14 17
15 33
15 25
15 21
15 32
16 33
16 28
16 38
16 29
17 33
17 28
17 31
17 24
18 29
18 27
18 21
18 29
19 26
19 21
19 23
19 22
20 37
20 28
20 33
20 35
21 33
21 32
21 35
21 38
22 28
22 40
22 29
22 40
23 29
23 31
23 26
23 34
24 28
24 38
24 27
24 28
25 37
25 32
25 36
25 31
26 31
26 33
26 39
26 38
27 33
27 33
27 31
27 31
28 32
28 33
28 35
28 39
29 40
29 31
29 36
29 37
30 35
30 36
30 38
30 36
31 37
31 38
31 39
31 36
32 38
32 37
32 38
32 39
33 40
33 40
33 36
33 40
34 39
34 36
34 37
34 38
35 38
35 37
35 38
35 39
