37
130
0 1
0 2
0 3
0 4
0 5
31 36
32 36
33 36
34 36
35 36
1 8
1 24
1 35
1 9
2 22
2 14
2 16
2 28
3 17
3 16
3 21
3 7
4 7
4 6
4 34
4 11
5 6
5 32
5 10
5 12
6 33
6 26
6 19
6 27
7 18
7 19
7 35
7 23
8 23
8 35
8 11
8 22
9 13
9 35
9 15
9 11
10 29
10 32
10 34
10 17
11 17
11 26
11 29
11 30
12 16
12 19
12 35
12 17
13 35
13 32
13 35
13 29
14 29
14 24
14 26
14 31
15 22
15 22
15 20
15 16
16 31
16 35
16 27
16 33
17 27
17 28
17 21
17 27
18 25
18 24
18 23
18 23
19 34
19 28
19 30
19 30
20 32
20 26
20 33
20 23
21 32
21 27
21 29
21 28
22 27
22 31
22 35
22 35
23 27
23 30
23 35
23 27
24 26
24 33
24 31
24 34
25 33
25 26
25 30
25 34
26 31
26 35
26 33
26 35
27 32
27 32
27 31
27 35
28 33
28 33
28 33
28 31
29 31
29 31
29 33
29 35
30 31
30 33
30 34
30 34
