34
256
0 1
0 2
0 3
0 4
0 5
0 6
0 7
0 8
25 33
26 33
27 33
28 33
29 33
30 33
31 33
32 33
1 23
1 21
1 20
1 24
1 19
1 17
1 13
1 31
1 32
1 19
2 30
2 10
2 22
2 27
2 31
2 26
2 9
2 17
2 13
2 27
3 27
3 26
3 29
3 25
3 27
3 11
3 29
3 30
3 15
3 17
4 9
4 21
4 29
4 20
4 12
4 31
4 29
4 32
4 30
4 20
5 18
5 19
5 22
5 23
5 13
5 12
5 16
5 14
5 20
5 13
6 24
6 30
6 22
6 21
6 23
6 16
6 23
6 11
6 29
6 21
7 19
7 29
7 9
7 15
7 9
7 28
7 30
7 21
7 28
7 27
8 32
8 29
8 13
8 13
8 12
8 18
8 17
8 11
8 15
8 20
9 31
9 22
9 18
9 29
9 26
9 24
9 20
9 24
9 26
9 17
10 20
10 20
10 21
10 20
10 26
10 21
10 24
10 31
10 17
10 19
11 17
11 25
11 23
11 22
11 21
11 18
11 31
11 21
11 29
11 21
12 25
12 27
12 26
12 26
12 23
12 20
12 17
12 27
12 27
12 26
13 27
13 31
13 29
13 31
13 18
13 22
13 20
13 25
13 21
13 20
14 27
14 21
14 28
14 18
14 26
14 17
14 19
14 24
14 21
14 31
15 28
15 29
15 26
15 22
15 22
15 32
15 25
15 22
15 26
15 19
16 31
16 20
16 17
16 27
16 19
16 19
16 17
16 22
16 27
16 21
17 25
17 30
17 25
17 29
17 31
17 27
17 29
17 25
17 26
17 25
18 32
18 30
18 30
18 25
18 27
18 27
18 32
18 27
18 25
18 26
19 29
19 31
19 29
19 30
19 26
19 31
19 32
19 26
19 28
19 26
20 30
20 29
20 31
20 30
20 25
20 29
20 32
20 29
20 30
20 26
21 29
21 29
21 31
21 26
21 29
21 25
21 29
21 28
21 27
21 29
22 29
22 31
22 27
22 26
22 28
22 28
22 32
22 27
22 29
22 28
23 29
23 26
23 32
23 27
23 32
23 32
23 32
23 31
23 28
23 29
24 32
24 32
24 25
24 30
24 26
24 29
24 30
24 30
24 32
24 32
