17
110
0 1
0 2
0 3
0 4
0 5
11 16
12 16
13 16
14 16
15 16
1 9
1 12
1 13
1 11
1 9
1 11
1 12
1 8
1 15
1 7
2 8
2 13
2 6
2 15
2 9
2 12
2 6
2 12
2 8
2 12
3 7
3 14
3 13
3 15
3 8
3 6
3 8
3 9
3 13
3 11
4 15
4 8
4 8
4 14
4 15
4 13
4 9
4 12
4 7
4 8
5 15
5 9
5 7
5 15
5 10
5 13
5 14
5 10
5 11
5 6
6 14
6 12
6 12
6 11
6 12
6 14
6 13
6 11
6 12
6 12
7 11
7 11
7 15
7 13
7 12
7 11
7 12
7 15
7 14
7 13
8 15
8 11
8 13
8 11
8 15
8 13
8 15
8 15
8 14
8 11
9 13
9 14
9 12
9 14
9 14
9 15
9 14
9 12
9 15
9 15
10 13
10 11
10 12
10 14
10 15
10 13
10 12
10 12
10 15
10 15
