42
255
0 1
0 2
0 3
0 4
0 5
36 41
37 41
38 41
39 41
40 41
1 27
1 11
1 6
1 35
1 22
1 37
1 30
2 32
2 13
2 26
2 17
2 35
2 19
2 6
3 6
3 18
3 11
3 39
3 34
3 36
3 21
4 21
4 27
4 22
4 8
4 29
4 10
4 31
5 9
5 16
5 14
5 7
5 21
5 14
5 36
6 22
6 32
6 25
6 11
6 22
6 12
6 19
7 16
7 38
7 39
7 26
7 32
7 17
7 11
8 20
8 22
8 23
8 35
8 40
8 11
8 32
9 15
9 15
9 24
9 33
9 36
9 32
9 14
10 13
10 27
10 31
10 17
10 40
10 37
10 39
11 26
11 19
11 37
11 38
11 16
11 35
11 40
12 22
12 16
12 16
12 26
12 19
12 35
12 37
13 21
13 21
13 40
13 35
13 37
13 33
13 35
14 19
14 21
14 20
14 37
14 27
14 36
14 35
15 36
15 24
15 18
15 24
15 27
15 39
15 21
16 34
16 25
16 31
16 22
16 28
16 28
16 39
17 21
17 39
17 30
17 28
17 39
17 34
17 40
18 28
18 33
18 36
18 31
18 23
18 25
18 29
19 21
19 27
19 23
19 27
19 26
19 27
19 27
20 24
20 25
20 32
20 38
20 22
20 34
20 31
21 39
21 38
21 30
21 36
21 27
21 26
21 39
22 27
22 32
22 28
22 29
22 29
22 33
22 27
23 39
23 34
23 30
23 39
23 31
23 30
23 37
24 33
24 38
24 28
24 38
24 40
24 27
24 35
25 31
25 40
25 38
25 29
25 38
25 27
25 39
26 31
26 39
26 37
26 32
26 35
26 36
26 33
27 36
27 40
27 34
27 39
27 39
27 35
27 34
28 36
28 31
28 36
28 40
28 34
28 35
28 37
29 33
29 36
29 34
29 33
29 31
29 31
29 31
30 40
30 39
30 31
30 40
30 37
30 38
30 33
31 37
31 40
31 40
31 39
31 40
31 40
31 39
32 40
32 40
32 37
32 40
32 37
32 39
32 36
33 40
33 39
33 37
33 39
33 39
33 40
33 36
34 36
34 37
34 38
34 37
34 40
34 39
34 38
35 37
35 38
35 36
35 40
35 39
35 40
35 40
