32
140
0 1
0 2
0 3
0 4
0 5
0 6
0 7
0 8
0 9
0 10
21 31
22 31
23 31
24 31
25 31
26 31
27 31
28 31
29 31
30 31
1 29
1 21
1 15
1 21
1 20
1 12
2 30
2 27
2 23
2 26
2 25
2 15
3 30
3 20
3 24
3 27
3 21
3 26
4 11
4 13
4 30
4 15
4 24
4 16
5 12
5 18
5 15
5 24
5 12
5 25
6 17
6 30
6 15
6 13
6 13
6 17
7 15
7 12
7 13
7 19
7 19
7 20
8 23
8 19
8 29
8 29
8 27
8 19
9 24
9 19
9 14
9 24
9 24
9 19
10 21
10 25
10 18
10 17
10 19
10 20
11 21
11 27
11 29
11 28
11 30
11 21
12 24
12 24
12 24
12 28
12 24
12 23
13 27
13 26
13 23
13 27
13 26
13 29
14 28
14 30
14 27
14 21
14 25
14 22
15 21
15 25
15 29
15 28
15 21
15 29
16 27
16 23
16 25
16 28
16 30
16 24
17 30
17 23
17 29
17 24
17 21
17 22
18 28
18 29
18 30
18 22
18 26
18 25
19 30
19 23
19 26
19 28
19 25
19 30
20 30
20 25
20 26
20 30
20 24
20 26
