47
126
0 1
0 2
0 3
0 4
0 5
0 6
0 7
0 8
0 9
37 46
38 46
39 46
40 46
41 46
42 46
43 46
44 46
45 46
1 17
1 35
1 16
2 29
2 12
2 10
3 31
3 10
3 23
4 11
4 13
4 23
5 18
5 15
5 16
6 14
6 17
6 27
7 40
7 39
7 35
8 28
8 30
8 33
9 12
9 43
9 41
10 20
10 44
10 25
11 42
11 22
11 41
12 21
12 39
12 25
13 19
13 42
13 34
14 40
14 23
14 35
15 26
15 29
15 20
16 24
16 32
16 37
17 21
17 44
17 19
18 36
18 33
18 21
19 30
19 44
19 28
20 43
20 36
20 33
21 32
21 32
21 43
22 43
22 33
22 37
23 41
23 33
23 33
24 36
24 45
24 45
25 33
25 33
25 44
26 34
26 45
26 30
27 41
27 36
27 28
28 42
28 44
28 43
29 44
29 37
29 41
30 42
30 42
30 39
31 45
31 44
31 41
32 43
32 41
32 37
33 43
33 43
33 41
34 37
34 43
34 38
35 43
35 37
35 41
36 42
36 43
36 40
