82
720
0 1
0 2
0 3
0 4
0 5
0 6
0 7
0 8
0 9
0 10
71 81
72 81
73 81
74 81
75 81
76 81
77 81
78 81
79 81
80 81
1 70
1 61
1 18
1 31
1 51
1 77
1 28
1 29
1 65
1 35
2 31
2 62
2 70
2 32
2 59
2 62
2 25
2 40
2 52
2 48
3 50
3 18
3 22
3 35
3 25
3 23
3 79
3 75
3 20
3 34
4 40
4 79
4 14
4 47
4 41
4 66
4 55
4 71
4 15
4 39
5 25
5 35
5 21
5 14
5 69
5 11
5 78
5 25
5 40
5 49
6 74
6 79
6 68
6 16
6 45
6 25
6 40
6 44
6 19
6 49
7 79
7 48
7 60
7 12
7 27
7 20
7 79
7 71
7 80
7 13
8 30
8 24
8 50
8 40
8 40
8 38
8 40
8 37
8 64
8 11
9 17
9 57
9 79
9 74
9 74
9 56
9 18
9 33
9 31
9 38
10 14
10 29
10 18
10 63
10 42
10 34
10 14
10 40
10 36
10 14
11 23
11 65
11 79
11 74
11 46
11 40
11 23
11 67
11 28
11 46
12 47
12 74
12 22
12 78
12 50
12 36
12 53
12 29
12 40
12 33
13 39
13 53
13 41
13 26
13 75
13 52
13 51
13 51
13 73
13 56
14 74
14 67
14 33
14 64
14 60
14 58
14 76
14 62
14 45
14 23
15 79
15 63
15 69
15 73
15 60
15 30
15 80
15 32
15 30
15 39
16 36
16 48
16 64
16 56
16 45
16 50
16 79
16 75
16 80
16 64
17 43
17 65
17 50
17 55
17 49
17 30
17 24
17 44
17 63
17 40
18 38
18 54
18 23
18 26
18 46
18 54
18 27
18 45
18 58
18 37
19 55
19 73
19 64
19 38
19 41
19 21
19 68
19 31
19 67
19 67
20 74
20 29
20 52
20 44
20 55
20 72
20 45
20 59
20 27
20 79
21 48
21 36
21 52
21 60
21 64
21 49
21 74
21 80
21 65
21 63
22 36
22 50
22 65
22 72
22 69
22 75
22 52
22 38
22 78
22 70
23 75
23 61
23 39
23 68
23 66
23 35
23 41
23 70
23 63
23 39
24 51
24 31
24 44
24 72
24 62
24 77
24 43
24 57
24 77
24 77
25 39
25 34
25 48
25 76
25 75
25 37
25 72
25 48
25 44
25 69
26 40
26 40
26 50
26 50
26 79
26 37
26 54
26 39
26 79
26 37
27 47
27 49
27 39
27 63
27 42
27 72
27 59
27 54
27 49
27 57
28 51
28 59
28 61
28 68
28 54
28 57
28 76
28 46
28 77
28 40
29 34
29 36
29 51
29 55
29 55
29 50
29 64
29 78
29 58
29 62
30 36
30 77
30 80
30 44
30 59
30 41
30 38
30 39
30 67
30 56
31 46
31 79
31 64
31 66
31 48
31 50
31 42
31 74
31 55
31 58
32 75
32 60
32 75
32 65
32 77
32 79
32 66
32 70
32 59
32 66
33 73
33 44
33 42
33 42
33 60
33 72
33 64
33 57
33 50
33 72
34 64
34 55
34 70
34 79
34 72
34 78
34 80
34 74
34 71
34 54
35 43
35 57
35 66
35 70
35 73
35 54
35 68
35 59
35 75
35 78
36 44
36 67
36 74
36 77
36 60
36 53
36 68
36 43
36 61
36 69
37 75
37 76
37 44
37 56
37 66
37 75
37 53
37 66
37 60
37 75
38 71
38 55
38 51
38 56
38 44
38 76
38 61
38 63
38 54
38 55
39 61
39 57
39 73
39 54
39 53
39 52
39 58
39 72
39 55
39 70
40 60
40 41
40 57
40 55
40 56
40 42
40 42
40 61
40 67
40 53
41 57
41 68
41 67
41 60
41 75
41 62
41 75
41 66
41 77
41 68
42 52
42 67
42 56
42 65
42 52
42 60
42 68
42 51
42 51
42 62
43 72
43 62
43 74
43 68
43 57
43 62
43 59
43 68
43 74
43 68
44 52
44 80
44 55
44 61
44 59
44 71
44 72
44 75
44 78
44 68
45 54
45 80
45 76
45 59
45 56
45 69
45 68
45 73
45 69
45 60
46 77
46 60
46 72
46 62
46 69
46 70
46 65
46 78
46 79
46 58
47 65
47 80
47 80
47 61
47 60
47 80
47 51
47 74
47 75
47 79
48 53
48 78
48 70
48 71
48 57
48 67
48 59
48 66
48 51
48 70
49 68
49 77
49 71
49 59
49 51
49 60
49 70
49 65
49 79
49 68
50 73
50 55
50 59
50 72
50 65
50 69
50 71
50 57
50 54
50 57
51 77
51 76
51 65
51 68
51 68
51 63
51 76
51 77
51 80
51 77
52 68
52 77
52 75
52 68
52 65
52 65
52 77
52 74
52 80
52 67
53 63
53 64
53 61
53 72
53 77
53 67
53 62
53 79
53 66
53 65
54 76
54 62
54 72
54 72
54 62
54 80
54 74
54 77
54 68
54 73
55 65
55 75
55 62
55 80
55 62
55 66
55 76
55 71
55 72
55 67
56 77
56 66
56 70
56 78
56 77
56 78
56 64
56 70
56 77
56 69
57 66
57 64
57 63
57 78
57 67
57 76
57 69
57 72
57 64
57 76
58 64
58 69
58 70
58 77
58 80
58 63
58 63
58 75
58 73
58 66
59 62
59 70
59 63
59 63
59 67
59 72
59 61
59 62
59 61
59 69
60 63
60 67
60 64
60 77
60 76
60 70
60 64
60 64
60 61
60 67
61 79
61 76
61 77
61 80
61 73
61 76
61 72
61 77
61 71
61 75
62 74
62 72
62 76
62 76
62 74
62 74
62 77
62 76
62 75
62 80
63 74
63 79
63 76
63 79
63 77
63 71
63 78
63 80
63 76
63 78
64 77
64 74
64 74
64 73
64 75
64 78
64 79
64 76
64 74
64 71
65 80
65 77
65 74
65 75
65 72
65 79
65 80
65 71
65 75
65 75
66 80
66 80
66 75
66 75
66 79
66 72
66 77
66 76
66 71
66 72
67 76
67 79
67 77
67 71
67 72
67 71
67 78
67 72
67 78
67 71
68 74
68 80
68 79
68 77
68 76
68 72
68 75
68 76
68 72
68 71
69 80
69 71
69 71
69 76
69 77
69 71
69 77
69 75
69 76
69 78
70 78
70 73
70 78
70 74
70 73
70 79
70 76
70 80
70 72
70 74
