50
176
0 1
0 2
0 3
0 4
0 5
0 6
0 7
0 8
41 49
42 49
43 49
44 49
45 49
46 49
47 49
48 49
1 13
1 34
1 15
1 31
2 14
2 29
2 29
2 42
3 15
3 9
3 36
3 35
4 13
4 14
4 17
4 16
5 19
5 11
5 30
5 18
6 24
6 12
6 10
6 33
7 36
7 26
7 39
7 13
8 24
8 28
8 17
8 21
9 21
9 31
9 27
9 42
10 43
10 23
10 35
10 25
11 23
11 39
11 28
11 44
12 20
12 44
12 35
12 39
13 38
13 32
13 32
13 38
14 36
14 33
14 22
14 31
15 34
15 21
15 28
15 18
16 48
16 44
16 38
16 20
17 34
17 48
17 37
17 44
18 39
18 40
18 36
18 29
19 38
19 47
19 32
19 33
20 27
20 42
20 47
20 48
21 26
21 31
21 37
21 45
22 39
22 27
22 35
22 33
23 47
23 30
23 34
23 46
24 25
24 39
24 25
24 34
25 38
25 37
25 45
25 44
26 36
26 41
26 41
26 41
27 47
27 48
27 34
27 33
28 42
28 48
28 41
28 35
29 46
29 37
29 47
29 45
30 39
30 41
30 45
30 45
31 47
31 46
31 34
31 47
32 36
32 42
32 41
32 41
33 47
33 45
33 45
33 42
34 45
34 45
34 43
34 44
35 44
35 44
35 44
35 45
36 43
36 44
36 47
36 41
37 41
37 45
37 45
37 47
38 46
38 41
38 44
38 44
39 46
39 45
39 42
39 41
40 47
40 42
40 41
40 45
