37
100
0 1
0 2
0 3
0 4
0 5
31 36
32 36
33 36
34 36
35 36
1 20
1 7
1 28
2 11
2 6
2 10
3 14
3 15
3 14
4 15
4 27
4 9
5 8
5 12
5 11
6 24
6 13
6 25
7 20
7 30
7 24
8 28
8 17
8 32
9 22
9 19
9 16
10 17
10 24
10 14
11 16
11 33
11 32
12 18
12 31
12 32
13 24
13 29
13 21
14 23
14 21
14 35
15 18
15 23
15 23
16 33
16 21
16 30
17 28
17 23
17 32
18 28
18 25
18 23
19 21
19 31
19 31
20 23
20 35
20 31
21 26
21 27
21 26
22 34
22 31
22 31
23 31
23 30
23 26
24 28
24 29
24 31
25 27
25 33
25 29
26 35
26 35
26 31
27 31
27 34
27 33
28 34
28 33
28 32
29 31
29 34
29 35
30 33
30 31
30 31
