51
392
0 1
0 2
0 3
0 4
0 5
0 6
0 7
43 50
44 50
45 50
46 50
47 50
48 50
49 50
1 29
1 48
1 47
1 15
1 42
1 34
1 42
1 37
1 24
2 18
2 32
2 17
2 31
2 32
2 36
2 9
2 18
2 20
3 14
3 8
3 13
3 10
3 40
3 32
3 8
3 16
3 48
4 34
4 45
4 28
4 16
4 22
4 27
4 11
4 29
4 17
5 35
5 20
5 46
5 10
5 28
5 26
5 19
5 9
5 49
6 45
6 8
6 17
6 15
6 12
6 18
6 20
6 13
6 8
7 42
7 13
7 14
7 41
7 39
7 9
7 17
7 45
7 23
8 41
8 34
8 43
8 37
8 27
8 25
8 17
8 15
8 17
9 20
9 45
9 23
9 33
9 26
9 42
9 42
9 18
9 33
10 29
10 21
10 17
10 27
10 35
10 41
10 40
10 45
10 17
11 39
11 47
11 45
11 32
11 39
11 30
11 37
11 38
11 42
12 47
12 17
12 19
12 26
12 22
12 26
12 34
12 40
12 37
13 38
13 45
13 17
13 21
13 24
13 24
13 35
13 49
13 44
14 27
14 39
14 39
14 41
14 41
14 48
14 36
14 35
14 37
15 42
15 43
15 37
15 39
15 31
15 26
15 34
15 40
15 47
16 38
16 31
16 29
16 45
16 40
16 24
16 33
16 45
16 38
17 26
17 49
17 30
17 48
17 31
17 46
17 42
17 34
17 30
18 34
18 40
18 48
18 47
18 32
18 25
18 35
18 34
18 34
19 23
19 46
19 36
19 48
19 35
19 45
19 39
19 30
19 47
20 25
20 25
20 26
20 42
20 30
20 26
20 22
20 40
20 47
21 30
21 33
21 32
21 22
21 29
21 22
21 48
21 38
21 44
22 37
22 42
22 42
22 47
22 36
22 32
22 40
22 47
22 38
23 47
23 43
23 44
23 36
23 47
23 31
23 40
23 37
23 32
24 35
24 35
24 49
24 33
24 44
24 39
24 41
24 44
24 30
25 48
25 34
25 39
25 49
25 42
25 32
25 40
25 38
25 39
26 43
26 49
26 34
26 29
26 45
26 49
26 42
26 31
26 44
27 44
27 40
27 31
27 46
27 47
27 37
27 43
27 49
27 31
28 32
28 40
28 45
28 31
28 36
28 29
28 39
28 33
28 40
29 40
29 37
29 49
29 49
29 49
29 40
29 40
29 47
29 49
30 46
30 39
30 42
30 40
30 39
30 39
30 40
30 40
30 41
31 49
31 47
31 45
31 44
31 41
31 47
31 39
31 41
31 47
32 44
32 37
32 36
32 49
32 42
32 37
32 48
32 39
32 49
33 36
33 43
33 46
33 49
33 38
33 48
33 39
33 40
33 37
34 41
34 45
34 39
34 46
34 44
34 36
34 40
34 36
34 39
35 37
35 38
35 44
35 47
35 46
35 45
35 47
35 43
35 49
36 46
36 49
36 45
36 45
36 49
36 46
36 47
36 47
36 46
37 45
37 48
37 43
37 44
37 46
37 45
37 47
37 48
37 44
38 47
38 45
38 45
38 43
38 44
38 47
38 44
38 48
38 48
39 44
39 45
39 49
39 44
39 49
39 46
39 44
39 49
39 43
40 45
40 46
40 45
40 48
40 46
40 44
40 49
40 47
40 45
41 49
41 44
41 43
41 44
41 46
41 43
41 46
41 44
41 45
42 48
42 43
42 48
42 44
42 45
42 44
42 43
42 44
42 48
