58
304
0 1
0 2
0 3
0 4
0 5
0 6
0 7
0 8
49 57
50 57
51 57
52 57
53 57
54 57
55 57
56 57
1 9
1 30
1 27
1 17
1 16
1 51
2 55
2 54
2 24
2 35
2 50
2 56
3 20
3 16
3 30
3 22
3 24
3 46
4 25
4 15
4 49
4 20
4 24
4 26
5 13
5 32
5 38
5 40
5 11
5 10
6 42
6 27
6 48
6 13
6 35
6 23
7 55
7 49
7 21
7 39
7 27
7 14
8 38
8 54
8 38
8 12
8 36
8 53
9 41
9 44
9 43
9 34
9 31
9 42
10 51
10 35
10 41
10 24
10 18
10 19
11 25
11 36
11 21
11 32
11 24
11 56
12 23
12 46
12 24
12 19
12 20
12 19
13 24
13 50
13 56
13 45
13 21
13 19
14 49
14 37
14 46
14 35
14 54
14 53
15 21
15 40
15 31
15 37
15 39
15 25
16 32
16 48
16 36
16 28
16 55
16 35
17 35
17 29
17 32
17 51
17 47
17 44
18 37
18 55
18 37
18 36
18 27
18 49
19 31
19 44
19 53
19 36
19 46
19 27
20 32
20 50
20 50
20 39
20 31
20 25
21 55
21 38
21 48
21 50
21 41
21 46
22 28
22 52
22 51
22 35
22 46
22 41
23 54
23 26
23 39
23 34
23 37
23 42
24 26
24 43
24 29
24 55
24 55
24 50
25 33
25 46
25 52
25 50
25 36
25 34
26 34
26 34
26 55
26 33
26 35
26 39
27 39
27 54
27 34
27 41
27 49
27 39
28 33
28 46
28 48
28 48
28 40
28 37
29 33
29 41
29 39
29 37
29 39
29 45
30 46
30 39
30 35
30 41
30 33
30 54
31 34
31 50
31 48
31 56
31 51
31 50
32 55
32 33
32 48
32 56
32 33
32 40
33 55
33 49
33 45
33 46
33 48
33 44
34 50
34 48
34 45
34 41
34 52
34 43
35 45
35 50
35 42
35 55
35 50
35 50
36 53
36 44
36 51
36 52
36 43
36 53
37 45
37 49
37 45
37 52
37 41
37 53
38 51
38 55
38 46
38 56
38 44
38 53
39 43
39 54
39 45
39 47
39 54
39 56
40 50
40 42
40 49
40 51
40 41
40 43
41 52
41 53
41 54
41 54
41 56
41 56
42 51
42 52
42 49
42 55
42 56
42 49
43 52
43 50
43 55
43 49
43 49
43 50
44 53
44 52
44 55
44 49
44 50
44 52
45 49
45 51
45 54
45 49
45 53
45 54
46 51
46 56
46 50
46 56
46 54
46 49
47 56
47 56
47 52
47 56
47 54
47 51
48 56
48 49
48 53
48 54
48 49
48 53
