32
180
0 1
0 2
0 3
0 4
0 5
0 6
0 7
0 8
0 9
0 10
21 31
22 31
23 31
24 31
25 31
26 31
27 31
28 31
29 31
30 31
1 14
1 17
1 28
1 26
1 24
1 26
1 17
1 23
2 20
2 12
2 13
2 18
2 21
2 30
2 14
2 17
3 11
3 17
3 23
3 27
3 22
3 19
3 18
3 20
4 13
4 21
4 13
4 14
4 18
4 26
4 20
4 13
5 13
5 29
5 20
5 18
5 24
5 27
5 22
5 13
6 20
6 24
6 12
6 30
6 15
6 28
6 29
6 15
7 26
7 21
7 24
7 17
7 22
7 11
7 27
7 24
8 13
8 21
8 27
8 12
8 16
8 16
8 15
8 18
9 27
9 16
9 17
9 20
9 24
9 28
9 15
9 26
10 13
10 16
10 25
10 18
10 25
10 15
10 14
10 21
11 28
11 29
11 27
11 29
11 29
11 25
11 24
11 22
12 25
12 30
12 23
12 21
12 27
12 29
12 30
12 23
13 27
13 27
13 25
13 30
13 26
13 21
13 25
13 29
14 28
14 22
14 28
14 23
14 28
14 23
14 23
14 27
15 22
15 21
15 27
15 22
15 26
15 30
15 25
15 30
16 21
16 30
16 22
16 28
16 28
16 22
16 22
16 26
17 30
17 28
17 28
17 27
17 28
17 24
17 27
17 26
18 27
18 24
18 30
18 25
18 29
18 22
18 23
18 30
19 24
19 30
19 21
19 29
19 29
19 26
19 21
19 30
20 27
20 24
20 29
20 26
20 27
20 22
20 22
20 26
