58
400
0 1
0 2
0 3
0 4
0 5
0 6
0 7
0 8
49 57
50 57
51 57
52 57
53 57
54 57
55 57
56 57
1 26
1 42
1 29
1 50
1 49
1 50
1 14
1 26
2 16
2 51
2 37
2 35
2 50
2 48
2 38
2 35
3 35
3 43
3 45
3 33
3 46
3 10
3 33
3 26
4 55
4 52
4 12
4 42
4 37
4 9
4 48
4 54
5 11
5 37
5 15
5 19
5 30
5 36
5 37
5 37
6 30
6 17
6 32
6 23
6 25
6 13
6 17
6 19
7 15
7 22
7 11
7 20
7 23
7 35
7 37
7 38
8 31
8 40
8 23
8 27
8 9
8 15
8 40
8 27
9 51
9 46
9 53
9 32
9 41
9 33
9 21
9 39
10 42
10 28
10 53
10 18
10 40
10 54
10 44
10 38
11 19
11 38
11 17
11 25
11 56
11 37
11 38
11 30
12 21
12 45
12 32
12 45
12 19
12 39
12 47
12 53
13 20
13 43
13 28
13 37
13 52
13 24
13 51
13 29
14 27
14 47
14 30
14 50
14 36
14 17
14 31
14 30
15 30
15 31
15 39
15 21
15 52
15 20
15 35
15 48
16 48
16 50
16 28
16 42
16 25
16 18
16 30
16 20
17 44
17 42
17 32
17 47
17 33
17 26
17 51
17 52
18 25
18 40
18 37
18 52
18 40
18 44
18 42
18 37
19 34
19 56
19 26
19 53
19 43
19 44
19 52
19 35
20 45
20 47
20 52
20 29
20 56
20 50
20 33
20 44
21 35
21 40
21 34
21 43
21 42
21 29
21 38
21 42
22 44
22 51
22 37
22 28
22 38
22 54
22 40
22 47
23 53
23 41
23 44
23 40
23 28
23 39
23 50
23 49
24 30
24 45
24 53
24 29
24 38
24 29
24 48
24 48
25 53
25 42
25 43
25 38
25 46
25 56
25 39
25 41
26 50
26 35
26 44
26 39
26 41
26 52
26 46
26 37
27 52
27 41
27 52
27 56
27 47
27 37
27 40
27 36
28 42
28 44
28 49
28 47
28 49
28 40
28 55
28 37
29 41
29 33
29 34
29 54
29 56
29 40
29 55
29 50
30 42
30 42
30 48
30 42
30 53
30 37
30 39
30 49
31 37
31 34
31 40
31 44
31 55
31 47
31 39
31 56
32 50
32 55
32 38
32 34
32 39
32 36
32 54
32 39
33 52
33 47
33 53
33 52
33 54
33 43
33 53
33 48
34 44
34 52
34 41
34 41
34 41
34 47
34 49
34 53
35 49
35 56
35 56
35 55
35 54
35 55
35 54
35 55
36 53
36 43
36 49
36 43
36 47
36 54
36 42
36 42
37 45
37 54
37 53
37 42
37 56
37 49
37 49
37 43
38 45
38 50
38 43
38 45
38 56
38 51
38 41
38 48
39 50
39 41
39 46
39 47
39 55
39 43
39 46
39 51
40 46
40 54
40 54
40 52
40 51
40 55
40 53
40 55
41 52
41 50
41 49
41 51
41 50
41 49
41 53
41 54
42 50
42 56
42 50
42 50
42 50
42 51
42 49
42 52
43 51
43 55
43 50
43 49
43 49
43 55
43 51
43 54
44 52
44 56
44 49
44 55
44 54
44 54
44 53
44 49
45 55
45 53
45 51
45 56
45 54
45 56
45 54
45 55
46 55
46 55
46 56
46 56
46 49
46 49
46 51
46 51
47 55
47 53
47 51
47 55
47 51
47 54
47 53
47 55
48 53
48 53
48 53
48 51
48 50
48 49
48 51
48 56
