58
308
0 1
0 2
0 3
0 4
0 5
0 6
0 7
50 57
51 57
52 57
53 57
54 57
55 57
56 57
1 11
1 12
1 42
1 38
1 8
1 9
2 40
2 49
2 10
2 30
2 33
2 43
3 13
3 34
3 19
3 28
3 31
3 24
4 29
4 19
4 32
4 25
4 25
4 44
5 14
5 16
5 37
5 33
5 56
5 56
6 33
6 15
6 16
6 23
6 45
6 16
7 24
7 34
7 13
7 26
7 12
7 43
8 17
8 43
8 55
8 40
8 42
8 23
9 20
9 33
9 18
9 42
9 49
9 42
10 51
10 18
10 21
10 15
10 48
10 39
11 26
11 45
11 18
11 20
11 32
11 39
12 42
12 48
12 16
12 18
12 15
12 35
13 51
13 15
13 21
13 50
13 39
13 47
14 56
14 44
14 21
14 17
14 29
14 55
15 29
15 49
15 30
15 56
15 28
15 48
16 45
16 46
16 43
16 32
16 37
16 47
17 35
17 56
17 22
17 30
17 22
17 28
18 48
18 51
18 33
18 45
18 35
18 22
19 33
19 27
19 23
19 38
19 56
19 22
20 29
20 28
20 49
20 50
20 39
20 56
21 41
21 39
21 22
21 39
21 49
21 38
22 36
22 39
22 49
22 49
22 38
22 42
23 32
23 41
23 43
23 29
23 35
23 36
24 49
24 32
24 39
24 55
24 48
24 31
25 48
25 47
25 49
25 32
25 45
25 43
26 50
26 34
26 53
26 29
26 44
26 36
27 29
27 36
27 47
27 49
27 56
27 56
28 34
28 43
28 41
28 33
28 55
28 47
29 40
29 47
29 41
29 50
29 37
29 38
30 51
30 56
30 47
30 48
30 43
30 49
31 56
31 48
31 54
31 43
31 49
31 41
32 51
32 40
32 46
32 53
32 54
32 38
33 50
33 50
33 36
33 41
33 54
33 49
34 43
34 37
34 37
34 47
34 50
34 38
35 49
35 42
35 36
35 39
35 52
35 43
36 50
36 44
36 49
36 54
36 50
36 46
37 43
37 49
37 43
37 54
37 52
37 45
38 47
38 52
38 53
38 53
38 49
38 50
39 45
39 47
39 43
39 53
39 51
39 55
40 47
40 48
40 47
40 47
40 44
40 47
41 52
41 49
41 47
41 56
41 44
41 54
42 43
42 43
42 46
42 44
42 54
42 55
43 51
43 56
43 55
43 54
43 52
43 54
44 53
44 52
44 52
44 51
44 54
44 51
45 56
45 51
45 50
45 51
45 53
45 56
46 55
46 55
46 56
46 52
46 53
46 50
47 56
47 53
47 50
47 50
47 52
47 52
48 53
48 54
48 50
48 52
48 56
48 52
49 54
49 52
49 55
49 56
49 53
49 50
