37
294
0 1
0 2
0 3
0 4
0 5
0 6
0 7
29 36
30 36
31 36
32 36
33 36
34 36
35 36
1 23
1 26
1 17
1 27
1 9
1 11
1 18
1 24
1 9
1 25
2 10
2 27
2 14
2 19
2 35
2 22
2 32
2 30
2 24
2 24
3 11
3 8
3 27
3 17
3 10
3 34
3 34
3 35
3 23
3 27
4 13
4 22
4 18
4 34
4 25
4 31
4 9
4 8
4 31
4 10
5 9
5 33
5 13
5 15
5 28
5 25
5 14
5 24
5 31
5 30
6 25
6 34
6 15
6 16
6 16
6 17
6 26
6 26
6 16
6 25
7 17
7 21
7 12
7 27
7 32
7 13
7 34
7 33
7 25
7 29
8 27
8 18
8 24
8 18
8 32
8 24
8 26
8 29
8 24
8 29
9 22
9 18
9 27
9 29
9 26
9 33
9 15
9 17
9 23
9 16
10 27
10 33
10 20
10 15
10 22
10 16
10 19
10 21
10 33
10 29
11 33
11 22
11 32
11 22
11 23
11 27
11 29
11 35
11 18
11 15
12 28
12 23
12 19
12 17
12 35
12 28
12 15
12 35
12 28
12 23
13 34
13 18
13 18
13 19
13 18
13 26
13 18
13 20
13 30
13 34
14 33
14 25
14 20
14 27
14 30
14 29
14 16
14 23
14 26
14 20
15 22
15 25
15 26
15 33
15 25
15 33
15 32
15 32
15 32
15 25
16 32
16 31
16 26
16 33
16 26
16 27
16 28
16 27
16 33
16 29
17 33
17 30
17 24
17 22
17 35
17 32
17 29
17 28
17 34
17 24
18 26
18 32
18 25
18 30
18 29
18 29
18 25
18 23
18 25
18 22
19 24
19 33
19 29
19 28
19 31
19 31
19 34
19 23
19 22
19 31
20 29
20 33
20 23
20 31
20 32
20 34
20 27
20 25
20 26
20 23
21 28
21 28
21 33
21 31
21 35
21 24
21 22
21 24
21 26
21 24
22 29
22 33
22 35
22 34
22 33
22 35
22 29
22 29
22 35
22 30
23 29
23 35
23 32
23 30
23 35
23 35
23 33
23 31
23 30
23 29
24 33
24 34
24 33
24 35
24 34
24 30
24 29
24 35
24 33
24 31
25 30
25 31
25 35
25 34
25 30
25 30
25 34
25 35
25 30
25 33
26 29
26 30
26 30
26 31
26 29
26 29
26 30
26 32
26 31
26 29
27 32
27 33
27 34
27 34
27 31
27 31
27 29
27 31
27 30
27 31
28 31
28 29
28 33
28 30
28 34
28 32
28 32
28 30
28 32
28 31
