74
396
0 1
0 2
0 3
0 4
0 5
0 6
0 7
0 8
0 9
64 73
65 73
66 73
67 73
68 73
69 73
70 73
71 73
72 73
1 41
1 23
1 12
1 11
1 48
1 51
2 30
2 72
2 46
2 35
2 15
2 62
3 49
3 67
3 38
3 59
3 41
3 57
4 13
4 58
4 28
4 17
4 14
4 26
5 62
5 61
5 18
5 43
5 28
5 52
6 57
6 59
6 66
6 57
6 61
6 39
7 35
7 16
7 39
7 69
7 39
7 44
8 58
8 15
8 36
8 23
8 64
8 65
9 69
9 66
9 50
9 24
9 10
9 55
10 41
10 63
10 50
10 38
10 40
10 50
11 26
11 40
11 46
11 26
11 43
11 50
12 47
12 41
12 20
12 40
12 27
12 67
13 36
13 57
13 45
13 44
13 42
13 62
14 45
14 56
14 46
14 23
14 52
14 19
15 39
15 36
15 25
15 70
15 55
15 46
16 48
16 25
16 68
16 21
16 32
16 38
17 68
17 60
17 22
17 69
17 43
17 30
18 25
18 60
18 31
18 67
18 47
18 54
19 29
19 36
19 28
19 63
19 56
19 41
20 28
20 49
20 50
20 41
20 64
20 66
21 42
21 66
21 63
21 28
21 41
21 57
22 72
22 52
22 42
22 57
22 46
22 67
23 60
23 61
23 52
23 34
23 45
23 43
24 51
24 53
24 51
24 51
24 44
24 34
25 64
25 51
25 55
25 48
25 64
25 46
26 49
26 33
26 40
26 46
26 40
26 60
27 30
27 39
27 47
27 45
27 31
27 65
28 46
28 43
28 70
28 70
28 67
28 51
29 49
29 72
29 49
29 43
29 57
29 54
30 40
30 57
30 48
30 56
30 67
30 40
31 57
31 68
31 70
31 67
31 68
31 45
32 70
32 60
32 56
32 62
32 68
32 68
33 55
33 41
33 38
33 68
33 54
33 48
34 46
34 47
34 47
34 38
34 53
34 67
35 72
35 57
35 68
35 47
35 40
35 42
36 66
36 40
36 37
36 64
36 50
36 68
37 52
37 66
37 46
37 60
37 62
37 57
38 63
38 69
38 50
38 62
38 55
38 68
39 47
39 64
39 51
39 66
39 64
39 49
40 70
40 54
40 58
40 47
40 71
40 60
41 61
41 47
41 52
41 59
41 63
41 48
42 61
42 69
42 68
42 62
42 56
42 57
43 62
43 46
43 54
43 67
43 63
43 63
44 51
44 64
44 71
44 56
44 57
44 51
45 48
45 70
45 48
45 50
45 60
45 46
46 62
46 55
46 56
46 68
46 59
46 64
47 70
47 57
47 67
47 63
47 71
47 69
48 55
48 58
48 58
48 63
48 61
48 57
49 60
49 57
49 55
49 56
49 56
49 65
50 70
50 57
50 60
50 63
50 59
50 57
51 64
51 66
51 55
51 63
51 61
51 58
52 71
52 57
52 58
52 65
52 65
52 56
53 61
53 65
53 59
53 63
53 71
53 64
54 65
54 57
54 64
54 64
54 58
54 66
55 65
55 72
55 66
55 70
55 69
55 70
56 70
56 67
56 72
56 71
56 67
56 67
57 72
57 65
57 67
57 66
57 66
57 69
58 67
58 71
58 68
58 69
58 70
58 65
59 69
59 69
59 67
59 70
59 69
59 70
60 70
60 68
60 67
60 72
60 64
60 64
61 67
61 70
61 67
61 64
61 66
61 70
62 67
62 65
62 69
62 69
62 67
62 70
63 65
63 68
63 66
63 67
63 65
63 72
