51
266
0 1
0 2
0 3
0 4
0 5
0 6
0 7
43 50
44 50
45 50
46 50
47 50
48 50
49 50
1 38
1 21
1 49
1 21
1 32
1 9
2 35
2 40
2 46
2 46
2 10
2 15
3 15
3 8
3 14
3 11
3 32
3 40
4 10
4 31
4 13
4 18
4 42
4 11
5 21
5 32
5 36
5 37
5 33
5 43
6 29
6 21
6 13
6 26
6 32
6 37
7 28
7 18
7 25
7 24
7 12
7 27
8 39
8 19
8 33
8 36
8 27
8 27
9 20
9 22
9 43
9 37
9 17
9 28
10 19
10 35
10 36
10 45
10 30
10 26
11 39
11 42
11 44
11 42
11 33
11 19
12 29
12 18
12 34
12 38
12 46
12 38
13 41
13 35
13 19
13 24
13 34
13 31
14 36
14 39
14 16
14 29
14 38
14 30
15 26
15 33
15 36
15 33
15 29
15 44
16 23
16 44
16 28
16 36
16 22
16 32
17 46
17 41
17 40
17 23
17 34
17 36
18 31
18 33
18 27
18 47
18 47
18 46
19 36
19 48
19 26
19 35
19 25
19 28
20 43
20 42
20 39
20 41
20 25
20 30
21 36
21 39
21 24
21 26
21 25
21 36
22 43
22 42
22 40
22 40
22 35
22 31
23 47
23 49
23 49
23 45
23 32
23 47
24 39
24 39
24 43
24 29
24 36
24 37
25 33
25 48
25 43
25 35
25 47
25 31
26 43
26 31
26 41
26 37
26 42
26 35
27 42
27 35
27 49
27 32
27 44
27 32
28 35
28 39
28 31
28 32
28 35
28 34
29 41
29 36
29 36
29 48
29 44
29 36
30 41
30 41
30 40
30 41
30 40
30 37
31 41
31 46
31 46
31 46
31 38
31 45
32 39
32 44
32 42
32 43
32 41
32 43
33 44
33 38
33 46
33 39
33 48
33 43
34 49
34 40
34 44
34 49
34 36
34 36
35 48
35 41
35 41
35 36
35 45
35 44
36 44
36 43
36 45
36 45
36 45
36 47
37 47
37 46
37 46
37 44
37 44
37 44
38 44
38 45
38 46
38 45
38 48
38 43
39 44
39 45
39 45
39 45
39 43
39 45
40 45
40 46
40 49
40 48
40 46
40 44
41 47
41 47
41 49
41 47
41 49
41 49
42 44
42 44
42 45
42 48
42 45
42 46
