26
195
0 1
0 2
0 3
22 25
23 25
24 25
1 20
1 23
1 15
1 14
1 20
1 8
1 21
1 20
1 24
2 23
2 20
2 9
2 16
2 22
2 11
2 17
2 11
2 6
3 15
3 8
3 10
3 4
3 19
3 20
3 5
3 22
3 4
4 7
4 19
4 19
4 8
4 9
4 22
4 8
4 8
4 15
5 19
5 13
5 8
5 19
5 15
5 22
5 21
5 19
5 19
6 24
6 18
6 17
6 8
6 20
6 22
6 18
6 12
6 11
7 16
7 10
7 12
7 11
7 20
7 18
7 22
7 19
7 11
8 10
8 24
8 16
8 10
8 24
8 18
8 17
8 15
8 18
9 11
9 12
9 24
9 22
9 14
9 23
9 24
9 12
9 13
10 16
10 21
10 18
10 24
10 19
10 20
10 24
10 24
10 15
11 20
11 21
11 16
11 16
11 13
11 18
11 14
11 13
11 18
12 14
12 24
12 20
12 22
12 17
12 23
12 24
12 18
12 22
13 21
13 23
13 19
13 24
13 18
13 19
13 22
13 17
13 19
14 18
14 22
14 22
14 21
14 18
14 24
14 16
14 19
14 16
15 16
15 21
15 19
15 19
15 22
15 22
15 24
15 19
15 21
16 19
16 19
16 23
16 23
16 24
16 21
16 21
16 22
16 21
17 21
17 23
17 23
17 19
17 19
17 19
17 23
17 21
17 19
18 20
18 19
18 23
18 24
18 23
18 22
18 19
18 24
18 20
19 23
19 23
19 24
19 23
19 22
19 23
19 24
19 24
19 22
20 22
20 24
20 23
20 22
20 24
20 24
20 24
20 24
20 22
21 22
21 23
21 23
21 23
21 23
21 23
21 24
21 22
21 22
