58
259
0 1
0 2
0 3
0 4
0 5
0 6
0 7
50 57
51 57
52 57
53 57
54 57
55 57
56 57
1 12
1 15
1 16
1 46
1 48
2 45
2 43
2 27
2 37
2 13
3 39
3 40
3 48
3 55
3 18
4 20
4 21
4 55
4 51
4 48
5 45
5 10
5 8
5 25
5 49
6 14
6 52
6 54
6 11
6 10
7 45
7 20
7 17
7 9
7 10
8 16
8 53
8 29
8 19
8 53
9 48
9 22
9 20
9 17
9 18
10 44
10 15
10 37
10 56
10 30
11 56
11 51
11 16
11 47
11 24
12 34
12 32
12 46
12 17
12 26
13 39
13 24
13 53
13 28
13 53
14 39
14 27
14 47
14 53
14 29
15 36
15 22
15 56
15 54
15 24
16 52
16 34
16 31
16 44
16 41
17 23
17 48
17 40
17 29
17 53
18 27
18 41
18 26
18 56
18 48
19 52
19 38
19 36
19 46
19 56
20 46
20 56
20 52
20 55
20 36
21 25
21 35
21 36
21 24
21 32
22 43
22 38
22 49
22 43
22 54
23 40
23 30
23 36
23 50
23 42
24 39
24 39
24 47
24 42
24 45
25 50
25 56
25 33
25 36
25 38
26 33
26 44
26 56
26 56
26 29
27 42
27 36
27 54
27 55
27 52
28 43
28 41
28 46
28 47
28 40
29 55
29 50
29 53
29 55
29 43
30 39
30 43
30 51
30 41
30 56
31 46
31 42
31 41
31 48
31 49
32 36
32 52
32 37
32 40
32 43
33 37
33 51
33 55
33 55
33 56
34 49
34 39
34 39
34 45
34 50
35 50
35 41
35 43
35 46
35 39
36 48
36 56
36 51
36 49
36 53
37 50
37 50
37 45
37 48
37 56
38 56
38 53
38 49
38 43
38 55
39 54
39 56
39 43
39 53
39 52
40 56
40 43
40 48
40 50
40 52
41 47
41 43
41 55
41 45
41 45
42 51
42 49
42 56
42 44
42 53
43 52
43 51
43 54
43 52
43 55
44 51
44 52
44 56
44 55
44 52
45 55
45 53
45 50
45 55
45 54
46 52
46 54
46 54
46 56
46 55
47 54
47 51
47 53
47 52
47 53
48 55
48 51
48 50
48 55
48 52
49 54
49 55
49 52
49 56
49 51
