30
140
0 1
0 2
0 3
0 4
0 5
0 6
0 7
22 29
23 29
24 29
25 29
26 29
27 29
28 29
1 9
1 17
1 15
1 22
1 23
1 25
2 24
2 8
2 11
2 19
2 13
2 27
3 17
3 10
3 22
3 17
3 23
3 10
4 17
4 8
4 19
4 16
4 20
4 18
5 25
5 16
5 11
5 10
5 20
5 9
6 12
6 19
6 18
6 17
6 12
6 13
7 13
7 27
7 11
7 14
7 15
7 17
8 27
8 24
8 19
8 25
8 17
8 25
9 27
9 19
9 25
9 17
9 19
9 28
10 26
10 27
10 16
10 15
10 22
10 19
11 23
11 17
11 22
11 20
11 27
11 17
12 23
12 16
12 15
12 26
12 28
12 21
13 26
13 24
13 28
13 28
13 20
13 17
14 24
14 18
14 19
14 18
14 18
14 21
15 23
15 22
15 26
15 22
15 27
15 25
16 24
16 22
16 27
16 24
16 25
16 23
17 27
17 26
17 25
17 25
17 28
17 24
18 24
18 24
18 26
18 24
18 23
18 22
19 24
19 24
19 25
19 26
19 25
19 26
20 26
20 26
20 27
20 28
20 26
20 23
21 24
21 27
21 23
21 23
21 22
21 24
