23
112
0 1
0 2
0 3
0 4
0 5
0 6
0 7
15 22
16 22
17 22
18 22
19 22
20 22
21 22
1 9
1 12
1 17
1 13
1 9
1 11
1 18
2 10
2 9
2 11
2 10
2 13
2 14
2 19
3 21
3 8
3 18
3 16
3 10
3 10
3 11
4 8
4 13
4 17
4 10
4 20
4 20
4 21
5 9
5 13
5 13
5 8
5 18
5 20
5 11
6 17
6 9
6 8
6 17
6 10
6 9
6 19
7 13
7 15
7 14
7 11
7 14
7 10
7 17
8 16
8 18
8 20
8 15
8 16
8 16
8 17
9 19
9 19
9 16
9 18
9 17
9 21
9 19
10 20
10 18
10 20
10 20
10 19
10 18
10 15
11 20
11 18
11 17
11 18
11 18
11 17
11 19
12 15
12 17
12 15
12 15
12 18
12 20
12 15
13 19
13 19
13 15
13 17
13 16
13 16
13 20
14 19
14 20
14 15
14 15
14 16
14 19
14 21
