37
154
0 1
0 2
0 3
0 4
0 5
0 6
0 7
29 36
30 36
31 36
32 36
33 36
34 36
35 36
1 22
1 11
1 17
1 12
1 22
2 33
2 32
2 23
2 27
2 32
3 30
3 22
3 33
3 23
3 27
4 13
4 26
4 10
4 25
4 27
5 11
5 32
5 18
5 14
5 34
6 26
6 29
6 16
6 11
6 21
7 8
7 26
7 9
7 29
7 14
8 23
8 17
8 16
8 24
8 15
9 19
9 30
9 35
9 17
9 23
10 33
10 27
10 20
10 28
10 16
11 30
11 15
11 17
11 27
11 19
12 29
12 31
12 24
12 35
12 18
13 28
13 19
13 15
13 15
13 27
14 34
14 24
14 29
14 35
14 31
15 35
15 30
15 26
15 27
15 23
16 34
16 22
16 34
16 30
16 33
17 35
17 32
17 33
17 31
17 28
18 23
18 22
18 28
18 30
18 22
19 31
19 22
19 33
19 23
19 30
20 22
20 33
20 23
20 28
20 30
21 32
21 27
21 24
21 22
21 30
22 31
22 32
22 30
22 29
22 32
23 34
23 33
23 33
23 29
23 35
24 32
24 35
24 34
24 31
24 29
25 34
25 31
25 29
25 31
25 32
26 35
26 30
26 34
26 29
26 29
27 35
27 33
27 34
27 31
27 31
28 35
28 31
28 33
28 34
28 31
