37
220
0 1
0 2
0 3
0 4
0 5
31 36
32 36
33 36
34 36
35 36
1 11
1 10
1 9
1 15
1 20
1 25
1 11
2 11
2 13
2 9
2 25
2 26
2 23
2 28
3 13
3 18
3 25
3 6
3 11
3 26
3 20
4 7
4 13
4 35
4 19
4 22
4 18
4 17
5 8
5 31
5 29
5 35
5 27
5 24
5 14
6 33
6 11
6 31
6 18
6 23
6 35
6 12
7 25
7 22
7 14
7 12
7 34
7 30
7 22
8 17
8 18
8 28
8 28
8 25
8 32
8 31
9 16
9 27
9 30
9 15
9 34
9 23
9 19
10 20
10 28
10 23
10 17
10 28
10 20
10 26
11 32
11 24
11 25
11 21
11 31
11 18
11 27
12 31
12 25
12 35
12 17
12 32
12 28
12 27
13 16
13 21
13 19
13 28
13 27
13 25
13 23
14 22
14 34
14 28
14 26
14 32
14 20
14 29
15 29
15 22
15 35
15 26
15 30
15 24
15 31
16 32
16 28
16 35
16 23
16 24
16 34
16 26
17 35
17 28
17 29
17 22
17 24
17 23
17 25
18 32
18 32
18 29
18 34
18 21
18 26
18 26
19 22
19 33
19 22
19 35
19 24
19 31
19 22
20 23
20 21
20 33
20 27
20 35
20 32
20 29
21 29
21 27
21 31
21 28
21 32
21 35
21 30
22 30
22 32
22 26
22 33
22 30
22 29
22 33
23 35
23 26
23 26
23 28
23 28
23 32
23 35
24 26
24 29
24 31
24 31
24 34
24 33
24 27
25 33
25 26
25 32
25 26
25 30
25 27
25 29
26 31
26 33
26 35
26 32
26 31
26 35
26 34
27 31
27 35
27 34
27 32
27 35
27 34
27 32
28 35
28 32
28 31
28 35
28 35
28 31
28 32
29 33
29 31
29 35
29 32
29 33
29 33
29 35
30 32
30 32
30 35
30 32
30 34
30 34
30 33
