30
98
0 1
0 2
0 3
0 4
0 5
0 6
0 7
22 29
23 29
24 29
25 29
26 29
27 29
28 29
1 19
1 26
1 8
1 10
2 16
2 9
2 20
2 26
3 13
3 8
3 15
3 9
4 12
4 14
4 26
4 22
5 26
5 15
5 25
5 15
6 16
6 20
6 22
6 28
7 11
7 8
7 21
7 16
8 26
8 17
8 21
8 28
9 22
9 28
9 21
9 16
10 27
10 18
10 18
10 26
11 18
11 26
11 18
11 20
12 16
12 20
12 26
12 25
13 20
13 20
13 23
13 22
14 23
14 16
14 26
14 27
15 22
15 25
15 26
15 26
16 25
16 26
16 25
16 25
17 25
17 25
17 25
17 24
18 26
18 26
18 26
18 27
19 28
19 27
19 26
19 22
20 26
20 23
20 24
20 22
21 28
21 25
21 22
21 28
