51
140
0 1
0 2
0 3
0 4
0 5
0 6
0 7
43 50
44 50
45 50
46 50
47 50
48 50
49 50
1 12
1 26
1 34
2 32
2 14
2 47
3 28
3 29
3 18
4 23
4 16
4 8
5 9
5 10
5 21
6 17
6 13
6 15
7 22
7 16
7 11
8 31
8 33
8 43
9 35
9 17
9 32
10 28
10 46
10 25
11 20
11 48
11 27
12 44
12 37
12 33
13 20
13 22
13 48
14 24
14 35
14 19
15 22
15 48
15 33
16 33
16 27
16 36
17 27
17 42
17 30
18 42
18 28
18 39
19 33
19 46
19 27
20 37
20 24
20 35
21 38
21 35
21 33
22 36
22 29
22 34
23 48
23 42
23 33
24 37
24 42
24 44
25 32
25 40
25 34
26 30
26 49
26 32
27 30
27 45
27 43
28 37
28 44
28 41
29 47
29 47
29 44
30 37
30 48
30 47
31 36
31 48
31 46
32 48
32 41
32 39
33 37
33 44
33 36
34 39
34 36
34 49
35 41
35 38
35 44
36 44
36 46
36 44
37 45
37 45
37 44
38 46
38 46
38 44
39 44
39 49
39 48
40 45
40 43
40 44
41 49
41 43
41 49
42 43
42 46
42 45
