30
200
0 1
0 2
0 3
0 4
25 29
26 29
27 29
28 29
1 8
1 6
1 7
1 25
1 20
1 8
1 5
1 14
2 13
2 9
2 24
2 24
2 10
2 7
2 19
2 21
3 21
3 15
3 5
3 5
3 14
3 26
3 10
3 17
4 25
4 20
4 11
4 28
4 7
4 16
4 9
4 10
5 13
5 19
5 14
5 28
5 23
5 15
5 18
5 11
6 11
6 13
6 26
6 16
6 24
6 13
6 17
6 20
7 11
7 17
7 28
7 12
7 15
7 17
7 9
7 11
8 20
8 19
8 14
8 10
8 10
8 19
8 27
8 14
9 21
9 13
9 17
9 15
9 23
9 22
9 17
9 21
10 23
10 23
10 25
10 18
10 27
10 21
10 21
10 17
11 25
11 24
11 16
11 27
11 25
11 20
11 26
11 24
12 22
12 15
12 18
12 19
12 17
12 16
12 28
12 26
13 28
13 21
13 20
13 26
13 18
13 17
13 19
13 24
14 19
14 19
14 25
14 17
14 27
14 25
14 17
14 23
15 17
15 24
15 26
15 17
15 24
15 23
15 28
15 25
16 21
16 21
16 20
16 26
16 25
16 19
16 23
16 28
17 27
17 26
17 22
17 25
17 22
17 28
17 24
17 28
18 22
18 21
18 24
18 24
18 25
18 24
18 22
18 25
19 28
19 27
19 21
19 23
19 21
19 21
19 27
19 26
20 25
20 22
20 27
20 25
20 25
20 25
20 21
20 23
21 26
21 26
21 27
21 28
21 25
21 27
21 27
21 26
22 27
22 27
22 25
22 27
22 26
22 26
22 28
22 25
23 25
23 28
23 27
23 25
23 28
23 26
23 26
23 25
24 27
24 28
24 25
24 27
24 28
24 25
24 26
24 26
