52
340
0 1
0 2
0 3
0 4
0 5
0 6
0 7
0 8
0 9
0 10
41 51
42 51
43 51
44 51
45 51
46 51
47 51
48 51
49 51
50 51
1 35
1 42
1 48
1 40
1 14
1 27
1 23
1 32
2 13
2 16
2 14
2 30
2 12
2 19
2 29
2 18
3 31
3 16
3 13
3 38
3 30
3 42
3 40
3 37
4 44
4 37
4 39
4 45
4 47
4 37
4 38
4 23
5 28
5 35
5 12
5 31
5 11
5 17
5 45
5 45
6 14
6 48
6 24
6 15
6 48
6 43
6 22
6 28
7 40
7 16
7 47
7 19
7 40
7 36
7 46
7 33
8 22
8 26
8 20
8 50
8 12
8 47
8 23
8 22
9 31
9 16
9 34
9 23
9 22
9 20
9 18
9 17
10 49
10 23
10 21
10 47
10 15
10 24
10 24
10 37
11 30
11 31
11 35
11 49
11 46
11 32
11 43
11 50
12 38
12 24
12 49
12 41
12 50
12 43
12 44
12 22
13 39
13 38
13 25
13 32
13 47
13 44
13 49
13 36
14 26
14 41
14 22
14 33
14 37
14 35
14 39
14 46
15 37
15 23
15 36
15 33
15 27
15 50
15 32
15 44
16 24
16 22
16 26
16 23
16 37
16 50
16 25
16 25
17 37
17 21
17 28
17 25
17 44
17 48
17 40
17 41
18 31
18 33
18 23
18 47
18 40
18 41
18 34
18 26
19 36
19 49
19 38
19 42
19 48
19 41
19 27
19 21
20 35
20 32
20 24
20 21
20 23
20 50
20 47
20 31
21 50
21 34
21 46
21 35
21 44
21 37
21 35
21 34
22 42
22 40
22 42
22 41
22 50
22 35
22 36
22 37
23 33
23 36
23 50
23 42
23 38
23 38
23 35
23 42
24 32
24 50
24 42
24 44
24 39
24 38
24 45
24 50
25 34
25 32
25 34
25 39
25 38
25 50
25 34
25 49
26 39
26 45
26 31
26 31
26 49
26 37
26 49
26 43
27 34
27 49
27 46
27 41
27 36
27 50
27 33
27 37
28 49
28 36
28 43
28 49
28 44
28 37
28 48
28 39
29 38
29 43
29 47
29 37
29 43
29 50
29 48
29 31
30 44
30 48
30 43
30 34
30 46
30 42
30 38
30 49
31 50
31 45
31 42
31 47
31 45
31 44
31 46
31 45
32 49
32 48
32 44
32 44
32 46
32 41
32 42
32 45
33 46
33 48
33 41
33 48
33 49
33 50
33 50
33 44
34 50
34 45
34 47
34 45
34 46
34 46
34 46
34 47
35 41
35 47
35 43
35 47
35 50
35 50
35 43
35 50
36 47
36 46
36 46
36 44
36 49
36 47
36 48
36 44
37 47
37 41
37 43
37 47
37 50
37 44
37 41
37 49
38 48
38 47
38 46
38 43
38 45
38 41
38 41
38 47
39 49
39 46
39 45
39 50
39 45
39 47
39 49
39 44
40 43
40 44
40 47
40 43
40 43
40 45
40 48
40 41
