32
204
0 1
0 2
0 3
0 4
0 5
0 6
25 31
26 31
27 31
28 31
29 31
30 31
1 12
1 14
1 15
1 20
1 8
1 9
1 13
1 10
2 23
2 17
2 17
2 9
2 15
2 20
2 25
2 19
3 7
3 20
3 23
3 19
3 13
3 25
3 19
3 7
4 8
4 15
4 22
4 20
4 20
4 15
4 25
4 25
5 14
5 25
5 15
5 16
5 27
5 13
5 19
5 12
6 24
6 29
6 14
6 8
6 10
6 24
6 12
6 11
7 13
7 22
7 21
7 17
7 20
7 15
7 28
7 22
8 17
8 25
8 21
8 16
8 13
8 15
8 21
8 14
9 27
9 27
9 29
9 21
9 21
9 22
9 20
9 14
10 30
10 21
10 25
10 28
10 15
10 30
10 30
10 13
11 20
11 18
11 18
11 27
11 20
11 15
11 16
11 22
12 25
12 24
12 26
12 25
12 24
12 14
12 24
12 20
13 28
13 23
13 29
13 30
13 24
13 28
13 30
13 23
14 19
14 30
14 30
14 19
14 28
14 29
14 25
14 27
15 28
15 28
15 21
15 27
15 24
15 25
15 19
15 28
16 22
16 24
16 28
16 28
16 25
16 28
16 27
16 22
17 24
17 25
17 25
17 29
17 23
17 24
17 21
17 27
18 28
18 21
18 27
18 29
18 23
18 25
18 25
18 25
19 29
19 27
19 25
19 26
19 25
19 29
19 30
19 29
20 28
20 25
20 30
20 26
20 26
20 26
20 27
20 29
21 25
21 26
21 27
21 27
21 25
21 28
21 27
21 26
22 28
22 27
22 30
22 30
22 27
22 28
22 28
22 29
23 29
23 29
23 29
23 29
23 27
23 28
23 25
23 29
24 26
24 30
24 28
24 26
24 30
24 25
24 30
24 28
