50
136
0 1
0 2
0 3
0 4
0 5
0 6
0 7
0 8
41 49
42 49
43 49
44 49
45 49
46 49
47 49
48 49
1 21
1 47
1 16
2 45
2 14
2 28
3 27
3 17
3 9
4 13
4 15
4 10
5 39
5 35
5 20
6 46
6 37
6 28
7 11
7 31
7 31
8 35
8 23
8 12
9 45
9 22
9 17
10 37
10 19
10 38
11 21
11 23
11 44
12 20
12 19
12 25
13 23
13 22
13 33
14 32
14 18
14 24
15 25
15 24
15 42
16 45
16 30
16 30
17 48
17 32
17 29
18 30
18 42
18 35
19 42
19 46
19 32
20 34
20 26
20 26
21 32
21 31
21 48
22 43
22 42
22 27
23 44
23 41
23 40
24 44
24 32
24 25
25 35
25 48
25 40
26 44
26 44
26 37
27 42
27 35
27 44
28 46
28 41
28 38
29 40
29 42
29 43
30 39
30 43
30 37
31 41
31 34
31 35
32 48
32 37
32 36
33 42
33 48
33 44
34 41
34 43
34 43
35 41
35 46
35 43
36 41
36 41
36 46
37 45
37 42
37 41
38 41
38 47
38 41
39 46
39 46
39 42
40 48
40 45
40 44
