42
115
0 1
0 2
0 3
0 4
0 5
36 41
37 41
38 41
39 41
40 41
1 32
1 9
1 10
2 9
2 16
2 6
3 11
3 29
3 8
4 7
4 14
4 13
5 28
5 10
5 17
6 15
6 18
6 37
7 22
7 18
7 35
8 13
8 38
8 18
9 19
9 22
9 12
10 37
10 30
10 20
11 39
11 39
11 38
12 40
12 22
12 28
13 21
13 29
13 29
14 18
14 17
14 39
15 37
15 30
15 24
16 23
16 39
16 26
17 29
17 22
17 25
18 34
18 35
18 32
19 23
19 35
19 36
20 27
20 33
20 35
21 36
21 36
21 38
22 35
22 31
22 37
23 30
23 26
23 35
24 40
24 35
24 27
25 33
25 36
25 28
26 36
26 35
26 31
27 33
27 36
27 35
28 37
28 31
28 39
29 39
29 33
29 35
30 34
30 39
30 37
31 40
31 36
31 37
32 40
32 38
32 37
33 38
33 39
33 39
34 37
34 38
34 40
35 40
35 40
35 37
