42
325
0 1
0 2
0 3
0 4
0 5
36 41
37 41
38 41
39 41
40 41
1 38
1 15
1 27
1 35
1 20
1 24
1 10
1 33
1 11
2 33
2 18
2 18
2 10
2 35
2 6
2 31
2 17
2 31
3 26
3 15
3 21
3 9
3 8
3 36
3 14
3 32
3 10
4 25
4 8
4 39
4 31
4 40
4 14
4 17
4 11
4 28
5 13
5 15
5 20
5 30
5 8
5 9
5 7
5 12
5 38
6 38
6 15
6 17
6 30
6 37
6 11
6 30
6 20
6 16
7 22
7 18
7 14
7 21
7 19
7 36
7 15
7 24
7 20
8 25
8 17
8 23
8 14
8 19
8 17
8 13
8 28
8 31
9 38
9 17
9 28
9 15
9 14
9 32
9 13
9 25
9 28
10 36
10 36
10 29
10 11
10 18
10 28
10 14
10 28
10 28
11 25
11 34
11 33
11 16
11 23
11 19
11 18
11 26
11 38
12 22
12 35
12 17
12 27
12 27
12 33
12 39
12 34
12 18
13 37
13 26
13 37
13 31
13 28
13 20
13 21
13 28
13 27
14 20
14 29
14 29
14 27
14 40
14 25
14 19
14 40
14 32
15 25
15 20
15 18
15 24
15 26
15 37
15 25
15 39
15 26
16 30
16 25
16 24
16 39
16 26
16 36
16 23
16 29
16 24
17 22
17 29
17 23
17 28
17 21
17 36
17 23
17 37
17 32
18 32
18 38
18 39
18 39
18 37
18 28
18 38
18 35
18 40
19 21
19 31
19 33
19 28
19 32
19 37
19 23
19 31
19 35
20 39
20 33
20 23
20 34
20 34
20 23
20 28
20 33
20 35
21 26
21 40
21 27
21 32
21 29
21 36
21 40
21 34
21 29
22 39
22 26
22 28
22 40
22 28
22 40
22 38
22 26
22 37
23 26
23 28
23 27
23 30
23 33
23 26
23 29
23 33
23 39
24 29
24 36
24 31
24 28
24 36
24 37
24 36
24 27
24 32
25 31
25 34
25 40
25 34
25 39
25 32
25 28
25 39
25 27
26 33
26 36
26 32
26 31
26 31
26 31
26 39
26 33
26 39
27 39
27 38
27 31
27 32
27 36
27 31
27 39
27 31
27 38
28 32
28 36
28 32
28 34
28 34
28 40
28 35
28 39
28 33
29 34
29 37
29 31
29 40
29 31
29 38
29 31
29 33
29 31
30 31
30 31
30 35
30 31
30 39
30 32
30 32
30 40
30 40
31 39
31 40
31 40
31 37
31 38
31 37
31 40
31 38
31 40
32 39
32 38
32 39
32 38
32 36
32 37
32 36
32 40
32 37
33 40
33 37
33 39
33 40
33 37
33 39
33 36
33 40
33 39
34 38
34 36
34 38
34 39
34 36
34 39
34 38
34 39
34 36
35 36
35 38
35 39
35 36
35 38
35 38
35 36
35 38
35 40
