44
224
0 1
0 2
0 3
0 4
0 5
0 6
0 7
36 43
37 43
38 43
39 43
40 43
41 43
42 43
1 11
1 22
1 36
1 36
1 8
1 36
2 41
2 34
2 16
2 34
2 21
2 27
3 38
3 11
3 42
3 15
3 40
3 12
4 30
4 33
4 38
4 28
4 10
4 30
5 37
5 34
5 34
5 42
5 13
5 22
6 10
6 28
6 36
6 38
6 33
6 14
7 9
7 31
7 40
7 29
7 22
7 30
8 34
8 29
8 17
8 31
8 37
8 20
9 19
9 36
9 24
9 42
9 21
9 26
10 15
10 29
10 29
10 34
10 26
10 21
11 18
11 15
11 18
11 19
11 36
11 30
12 25
12 30
12 18
12 34
12 35
12 24
13 26
13 26
13 38
13 29
13 26
13 16
14 34
14 31
14 37
14 15
14 30
14 15
15 25
15 29
15 27
15 39
15 25
15 37
16 36
16 36
16 23
16 33
16 33
16 37
17 27
17 34
17 37
17 42
17 37
17 36
18 30
18 41
18 39
18 26
18 41
18 22
19 27
19 30
19 38
19 29
19 22
19 31
20 34
20 25
20 38
20 38
20 40
20 41
21 32
21 32
21 32
21 31
21 41
21 41
22 30
22 32
22 37
22 31
22 36
22 31
23 37
23 38
23 35
23 40
23 35
23 40
24 38
24 31
24 33
24 39
24 36
24 40
25 41
25 40
25 29
25 41
25 42
25 38
26 30
26 36
26 34
26 41
26 38
26 32
27 32
27 39
27 33
27 41
27 40
27 41
28 29
28 34
28 36
28 33
28 29
28 40
29 36
29 36
29 42
29 40
29 39
29 41
30 37
30 42
30 38
30 42
30 40
30 37
31 42
31 42
31 42
31 41
31 40
31 37
32 42
32 41
32 38
32 40
32 39
32 42
33 36
33 38
33 38
33 41
33 42
33 36
34 38
34 42
34 37
34 42
34 37
34 38
35 40
35 38
35 38
35 42
35 42
35 42
