44
259
0 1
0 2
0 3
0 4
0 5
0 6
0 7
36 43
37 43
38 43
39 43
40 43
41 43
42 43
1 29
1 11
1 42
1 41
1 16
1 36
1 41
2 15
2 8
2 35
2 12
2 13
2 13
2 23
3 25
3 21
3 35
3 35
3 40
3 34
3 26
4 12
4 22
4 27
4 19
4 37
4 8
4 35
5 37
5 9
5 20
5 35
5 24
5 19
5 10
6 33
6 25
6 20
6 17
6 25
6 12
6 21
7 8
7 29
7 14
7 37
7 8
7 41
7 29
8 19
8 24
8 32
8 22
8 15
8 30
8 19
9 30
9 23
9 17
9 24
9 37
9 15
9 28
10 18
10 20
10 16
10 36
10 42
10 26
10 15
11 31
11 17
11 41
11 22
11 15
11 40
11 31
12 29
12 15
12 22
12 18
12 24
12 39
12 25
13 24
13 39
13 41
13 39
13 31
13 15
13 32
14 25
14 28
14 17
14 29
14 17
14 30
14 34
15 23
15 35
15 28
15 23
15 35
15 40
15 24
16 33
16 35
16 38
16 27
16 28
16 38
16 28
17 24
17 33
17 24
17 24
17 22
17 27
17 42
18 38
18 26
18 36
18 26
18 25
18 23
18 26
19 25
19 29
19 36
19 26
19 40
19 40
19 27
20 30
20 35
20 29
20 42
20 27
20 22
20 26
21 32
21 39
21 32
21 34
21 27
21 32
21 34
22 41
22 42
22 31
22 34
22 32
22 32
22 38
23 33
23 33
23 40
23 36
23 31
23 32
23 38
24 29
24 29
24 30
24 37
24 41
24 42
24 29
25 37
25 36
25 31
25 33
25 30
25 34
25 36
26 35
26 42
26 42
26 31
26 42
26 30
26 34
27 29
27 31
27 30
27 32
27 33
27 39
27 37
28 36
28 42
28 33
28 36
28 41
28 32
28 42
29 39
29 38
29 36
29 38
29 36
29 38
29 36
30 37
30 42
30 41
30 41
30 41
30 38
30 41
31 40
31 40
31 40
31 39
31 40
31 39
31 42
32 38
32 42
32 36
32 38
32 42
32 40
32 36
33 40
33 36
33 42
33 41
33 37
33 40
33 36
34 37
34 36
34 41
34 37
34 40
34 40
34 40
35 38
35 40
35 39
35 41
35 37
35 41
35 37
