32
252
0 1
0 2
0 3
0 4
0 5
0 6
25 31
26 31
27 31
28 31
29 31
30 31
1 21
1 19
1 18
1 22
1 17
1 15
1 11
1 29
1 30
1 17
2 28
2 8
2 20
2 25
2 29
2 24
2 7
2 15
2 11
2 25
3 25
3 24
3 27
3 23
3 25
3 9
3 27
3 28
3 13
3 15
4 7
4 19
4 27
4 18
4 10
4 29
4 27
4 30
4 28
4 18
5 16
5 17
5 20
5 21
5 11
5 10
5 14
5 12
5 18
5 11
6 22
6 28
6 20
6 19
6 21
6 14
6 21
6 9
6 27
6 19
7 29
7 15
7 13
7 19
7 19
7 26
7 28
7 19
7 26
7 25
8 18
8 15
8 17
8 23
8 16
8 16
8 27
8 21
8 25
8 18
9 25
9 28
9 14
9 25
9 26
9 20
9 30
9 26
9 22
9 15
10 14
10 20
10 15
10 30
10 24
10 19
10 24
10 21
10 25
10 17
11 13
11 29
11 17
11 18
11 21
11 20
11 19
11 15
11 29
11 13
12 21
12 21
12 26
12 22
12 15
12 20
12 29
12 15
12 15
12 18
13 21
13 21
13 19
13 21
13 24
13 28
13 22
13 23
13 19
13 26
14 21
14 23
14 30
14 24
14 28
14 27
14 25
14 26
14 23
14 29
15 30
15 23
15 20
15 20
15 24
15 26
15 27
15 20
15 20
15 21
16 25
16 22
16 23
16 29
16 29
16 21
16 27
16 20
16 25
16 19
17 19
17 20
17 23
17 19
17 25
17 25
17 19
17 19
17 20
17 27
18 22
18 20
18 20
18 27
18 25
18 25
18 26
18 25
18 27
18 28
19 27
19 25
19 25
19 30
19 30
19 29
19 26
19 26
19 28
19 30
20 30
20 29
20 25
20 28
20 27
20 29
20 26
20 27
20 28
20 28
21 29
21 25
21 27
21 28
21 25
21 27
21 27
21 26
21 27
21 27
22 29
22 27
22 27
22 28
22 26
22 26
22 30
22 27
22 25
22 28
23 27
23 30
23 30
23 25
23 26
23 30
23 30
23 27
23 26
23 27
24 28
24 28
24 25
24 30
24 26
24 25
24 30
24 26
24 30
24 26
