52
140
0 1
0 2
0 3
0 4
0 5
0 6
0 7
0 8
0 9
0 10
41 51
42 51
43 51
44 51
45 51
46 51
47 51
48 51
49 51
50 51
1 41
1 15
1 18
2 16
2 16
2 29
3 13
3 16
3 42
4 30
4 21
4 44
5 42
5 38
5 24
6 21
6 11
6 16
7 19
7 48
7 25
8 12
8 30
8 20
9 14
9 17
9 32
10 21
10 16
10 38
11 41
11 36
11 22
12 50
12 31
12 38
13 28
13 26
13 25
14 22
14 27
14 35
15 25
15 40
15 32
16 49
16 23
16 25
17 36
17 43
17 34
18 32
18 36
18 33
19 41
19 39
19 22
20 44
20 39
20 37
21 31
21 41
21 42
22 35
22 41
22 34
23 44
23 50
23 41
24 38
24 31
24 39
25 42
25 38
25 49
26 45
26 38
26 41
27 41
27 43
27 33
28 34
28 46
28 38
29 39
29 46
29 38
30 50
30 39
30 36
31 48
31 42
31 49
32 41
32 46
32 41
33 44
33 49
33 50
34 47
34 48
34 43
35 45
35 41
35 42
36 43
36 45
36 41
37 45
37 48
37 45
38 49
38 41
38 50
39 48
39 41
39 45
40 45
40 50
40 43
