65
504
0 1
0 2
0 3
0 4
0 5
0 6
0 7
0 8
0 9
55 64
56 64
57 64
58 64
59 64
60 64
61 64
62 64
63 64
1 62
1 41
1 59
1 23
1 23
1 24
1 55
1 10
1 60
2 51
2 47
2 32
2 14
2 53
2 22
2 60
2 63
2 22
3 28
3 47
3 33
3 44
3 20
3 61
3 32
3 14
3 48
4 34
4 50
4 22
4 41
4 48
4 15
4 36
4 23
4 44
5 12
5 14
5 44
5 25
5 55
5 44
5 63
5 22
5 33
6 21
6 34
6 32
6 33
6 52
6 32
6 18
6 49
6 42
7 15
7 17
7 62
7 16
7 41
7 48
7 44
7 34
7 48
8 11
8 22
8 24
8 45
8 25
8 28
8 42
8 40
8 36
9 22
9 55
9 10
9 45
9 13
9 50
9 13
9 36
9 54
10 51
10 25
10 39
10 38
10 28
10 53
10 46
10 34
10 29
11 19
11 59
11 62
11 20
11 51
11 55
11 43
11 58
11 34
12 23
12 27
12 53
12 56
12 37
12 35
12 36
12 27
12 36
13 49
13 37
13 25
13 56
13 25
13 31
13 38
13 51
13 40
14 28
14 40
14 63
14 45
14 48
14 58
14 43
14 49
14 53
15 34
15 35
15 54
15 56
15 46
15 62
15 52
15 46
15 42
16 31
16 25
16 50
16 55
16 63
16 30
16 61
16 55
16 43
17 35
17 29
17 31
17 57
17 45
17 59
17 56
17 26
17 43
18 57
18 58
18 35
18 53
18 35
18 51
18 43
18 35
18 41
19 57
19 59
19 48
19 53
19 42
19 63
19 37
19 50
19 62
20 49
20 38
20 53
20 37
20 55
20 28
20 56
20 46
20 52
21 34
21 36
21 33
21 40
21 63
21 54
21 57
21 44
21 34
22 42
22 30
22 50
22 62
22 60
22 62
22 46
22 29
22 56
23 46
23 39
23 42
23 60
23 40
23 33
23 50
23 29
23 40
24 30
24 58
24 58
24 54
24 44
24 46
24 39
24 56
24 45
25 29
25 29
25 41
25 36
25 60
25 44
25 38
25 58
25 40
26 36
26 57
26 57
26 45
26 55
26 32
26 59
26 51
26 44
27 28
27 53
27 46
27 40
27 55
27 56
27 50
27 62
27 36
28 41
28 46
28 44
28 48
28 48
28 55
28 52
28 45
28 40
29 59
29 62
29 41
29 60
29 42
29 52
29 54
29 41
29 61
30 56
30 52
30 56
30 53
30 62
30 54
30 42
30 45
30 53
31 52
31 48
31 42
31 40
31 52
31 51
31 47
31 52
31 51
32 54
32 41
32 48
32 57
32 52
32 63
32 62
32 38
32 41
33 39
33 55
33 61
33 53
33 63
33 49
33 45
33 52
33 63
34 62
34 57
34 61
34 51
34 61
34 45
34 45
34 37
34 49
35 49
35 37
35 38
35 63
35 54
35 42
35 37
35 37
35 46
36 63
36 51
36 47
36 56
36 42
36 54
36 53
36 58
36 54
37 47
37 48
37 58
37 54
37 63
37 52
37 60
37 48
37 47
38 50
38 55
38 55
38 62
38 58
38 55
38 63
38 46
38 61
39 48
39 53
39 50
39 49
39 52
39 46
39 48
39 53
39 59
40 48
40 49
40 62
40 47
40 51
40 63
40 59
40 59
40 60
41 63
41 55
41 60
41 47
41 57
41 51
41 56
41 55
41 63
42 63
42 55
42 62
42 60
42 55
42 51
42 63
42 58
42 56
43 61
43 61
43 61
43 56
43 61
43 47
43 55
43 62
43 50
44 52
44 55
44 61
44 48
44 53
44 50
44 62
44 52
44 61
45 50
45 60
45 52
45 47
45 59
45 59
45 63
45 53
45 51
46 60
46 61
46 61
46 61
46 57
46 56
46 58
46 58
46 62
47 57
47 58
47 60
47 61
47 55
47 59
47 58
47 55
47 55
48 62
48 63
48 61
48 59
48 56
48 57
48 55
48 57
48 59
49 59
49 55
49 55
49 62
49 60
49 60
49 60
49 55
49 62
50 61
50 56
50 56
50 60
50 59
50 58
50 63
50 56
50 56
51 56
51 58
51 57
51 56
51 56
51 63
51 62
51 59
51 55
52 62
52 59
52 57
52 55
52 61
52 57
52 63
52 60
52 60
53 59
53 56
53 58
53 55
53 60
53 60
53 63
53 56
53 62
54 57
54 63
54 61
54 57
54 55
54 55
54 59
54 57
54 55
