30
182
0 1
0 2
0 3
0 4
0 5
0 6
0 7
22 29
23 29
24 29
25 29
26 29
27 29
28 29
1 13
1 24
1 26
1 18
1 25
1 16
1 8
1 8
2 25
2 9
2 11
2 15
2 24
2 19
2 22
2 21
3 10
3 10
3 20
3 9
3 22
3 24
3 22
3 12
4 23
4 24
4 25
4 13
4 20
4 11
4 26
4 23
5 28
5 21
5 12
5 24
5 28
5 10
5 22
5 24
6 12
6 24
6 8
6 26
6 14
6 20
6 19
6 14
7 22
7 8
7 14
7 16
7 22
7 28
7 18
7 16
8 21
8 21
8 26
8 24
8 23
8 15
8 26
8 27
9 19
9 21
9 20
9 16
9 22
9 21
9 19
9 24
10 23
10 17
10 28
10 20
10 23
10 23
10 27
10 21
11 16
11 19
11 22
11 16
11 16
11 17
11 15
11 22
12 23
12 25
12 17
12 15
12 25
12 26
12 27
12 27
13 17
13 17
13 15
13 24
13 23
13 17
13 17
13 15
14 19
14 16
14 20
14 25
14 25
14 16
14 18
14 24
15 27
15 23
15 26
15 26
15 25
15 24
15 26
15 27
16 27
16 27
16 25
16 28
16 22
16 24
16 27
16 24
17 26
17 25
17 24
17 25
17 27
17 26
17 25
17 24
18 26
18 28
18 26
18 27
18 23
18 22
18 22
18 26
19 23
19 24
19 22
19 27
19 27
19 24
19 23
19 23
20 22
20 26
20 28
20 28
20 26
20 24
20 28
20 28
21 27
21 24
21 24
21 25
21 26
21 25
21 25
21 28
