42
290
0 1
0 2
0 3
0 4
0 5
36 41
37 41
38 41
39 41
40 41
1 37
1 22
1 25
1 6
1 7
1 22
1 29
1 36
2 13
2 29
2 36
2 37
2 12
2 11
2 30
2 7
3 38
3 10
3 40
3 31
3 12
3 40
3 35
3 14
4 8
4 11
4 22
4 9
4 38
4 7
4 16
4 12
5 35
5 12
5 24
5 36
5 29
5 12
5 8
5 36
6 15
6 25
6 27
6 21
6 26
6 36
6 24
6 30
7 22
7 16
7 31
7 35
7 20
7 27
7 18
7 35
8 14
8 31
8 30
8 17
8 17
8 21
8 15
8 16
9 39
9 13
9 19
9 37
9 19
9 26
9 24
9 15
10 11
10 32
10 18
10 18
10 19
10 31
10 29
10 30
11 23
11 24
11 19
11 20
11 23
11 38
11 16
11 26
12 18
12 20
12 24
12 31
12 17
12 18
12 27
12 26
13 22
13 37
13 39
13 20
13 17
13 28
13 17
13 24
14 26
14 39
14 33
14 35
14 16
14 37
14 16
14 24
15 22
15 22
15 28
15 29
15 19
15 28
15 17
15 24
16 39
16 40
16 24
16 26
16 35
16 22
16 23
16 33
17 28
17 38
17 30
17 32
17 35
17 31
17 25
17 38
18 39
18 38
18 27
18 39
18 21
18 29
18 27
18 22
19 25
19 26
19 23
19 26
19 40
19 34
19 29
19 39
20 25
20 24
20 36
20 31
20 26
20 30
20 24
20 25
21 32
21 33
21 31
21 34
21 38
21 31
21 31
21 26
22 35
22 39
22 31
22 40
22 32
22 28
22 38
22 32
23 40
23 40
23 34
23 30
23 35
23 34
23 35
23 35
24 32
24 30
24 37
24 34
24 31
24 30
24 39
24 37
25 29
25 29
25 30
25 26
25 26
25 27
25 33
25 27
26 40
26 39
26 33
26 37
26 38
26 36
26 40
26 34
27 40
27 40
27 38
27 40
27 38
27 34
27 36
27 31
28 35
28 32
28 40
28 35
28 32
28 35
28 34
28 37
29 35
29 33
29 33
29 38
29 37
29 32
29 39
29 36
30 32
30 32
30 34
30 31
30 37
30 35
30 35
30 38
31 36
31 39
31 39
31 38
31 38
31 39
31 36
31 39
32 38
32 40
32 39
32 36
32 36
32 37
32 37
32 40
33 36
33 39
33 39
33 37
33 38
33 38
33 40
33 36
34 36
34 40
34 37
34 39
34 37
34 38
34 36
34 37
35 36
35 37
35 40
35 40
35 40
35 37
35 39
35 37
