65
450
0 1
0 2
0 3
0 4
0 5
0 6
0 7
0 8
0 9
55 64
56 64
57 64
58 64
59 64
60 64
61 64
62 64
63 64
1 63
1 55
1 34
1 28
1 35
1 47
1 28
1 14
2 51
2 53
2 59
2 26
2 41
2 63
2 22
2 39
3 32
3 35
3 25
3 41
3 51
3 36
3 27
3 54
4 43
4 34
4 60
4 13
4 36
4 19
4 45
4 35
5 10
5 16
5 53
5 35
5 53
5 17
5 39
5 56
6 60
6 34
6 34
6 54
6 49
6 47
6 29
6 18
7 18
7 61
7 11
7 21
7 49
7 45
7 11
7 29
8 15
8 23
8 48
8 57
8 32
8 30
8 28
8 48
9 52
9 33
9 19
9 57
9 41
9 10
9 12
9 53
10 33
10 45
10 59
10 63
10 19
10 43
10 33
10 43
11 56
11 24
11 63
11 59
11 32
11 53
11 58
11 44
12 20
12 61
12 37
12 40
12 43
12 26
12 61
12 38
13 58
13 23
13 31
13 35
13 42
13 42
13 32
13 63
14 31
14 27
14 62
14 31
14 58
14 39
14 63
14 50
15 44
15 24
15 53
15 19
15 59
15 54
15 44
15 22
16 51
16 24
16 43
16 37
16 31
16 40
16 56
16 25
17 52
17 31
17 49
17 37
17 61
17 24
17 36
17 28
18 32
18 41
18 48
18 34
18 61
18 47
18 27
18 48
19 43
19 34
19 39
19 45
19 52
19 28
19 30
19 28
20 60
20 55
20 54
20 43
20 29
20 62
20 41
20 35
21 45
21 42
21 53
21 61
21 38
21 52
21 59
21 58
22 37
22 32
22 28
22 43
22 51
22 28
22 46
22 47
23 50
23 37
23 44
23 54
23 38
23 47
23 35
23 50
24 54
24 41
24 46
24 35
24 39
24 59
24 43
24 37
25 37
25 48
25 50
25 63
25 53
25 45
25 57
25 62
26 50
26 38
26 57
26 53
26 54
26 55
26 52
26 56
27 29
27 49
27 47
27 55
27 32
27 34
27 57
27 38
28 56
28 39
28 54
28 38
28 50
28 49
28 47
28 57
29 50
29 60
29 56
29 57
29 58
29 39
29 62
29 60
30 40
30 55
30 56
30 57
30 45
30 52
30 58
30 62
31 46
31 48
31 53
31 48
31 45
31 44
31 56
31 53
32 47
32 62
32 44
32 60
32 48
32 43
32 43
32 50
33 56
33 62
33 59
33 50
33 37
33 57
33 62
33 56
34 37
34 43
34 38
34 61
34 58
34 60
34 59
34 56
35 60
35 37
35 40
35 58
35 45
35 48
35 47
35 55
36 47
36 43
36 40
36 47
36 50
36 46
36 60
36 42
37 52
37 55
37 53
37 50
37 48
37 49
37 61
37 46
38 55
38 53
38 62
38 57
38 56
38 57
38 58
38 53
39 58
39 60
39 47
39 55
39 53
39 55
39 62
39 54
40 53
40 47
40 55
40 55
40 55
40 49
40 51
40 59
41 58
41 56
41 63
41 58
41 59
41 58
41 57
41 50
42 48
42 55
42 59
42 56
42 46
42 54
42 61
42 56
43 48
43 62
43 47
43 55
43 52
43 63
43 62
43 57
44 63
44 53
44 48
44 54
44 57
44 51
44 47
44 49
45 61
45 46
45 62
45 54
45 59
45 53
45 56
45 59
46 62
46 61
46 60
46 60
46 58
46 58
46 62
46 60
47 63
47 63
47 60
47 58
47 63
47 58
47 58
47 62
48 55
48 60
48 59
48 55
48 63
48 60
48 58
48 60
49 58
49 63
49 57
49 62
49 61
49 59
49 55
49 57
50 56
50 59
50 63
50 59
50 60
50 61
50 62
50 57
51 60
51 58
51 59
51 57
51 60
51 62
51 55
51 60
52 59
52 57
52 60
52 58
52 62
52 61
52 62
52 57
53 61
53 62
53 62
53 56
53 57
53 61
53 59
53 56
54 63
54 58
54 58
54 59
54 55
54 56
54 59
54 58
