42
208
0 1
0 2
0 3
0 4
0 5
0 6
0 7
0 8
33 41
34 41
35 41
36 41
37 41
38 41
39 41
40 41
1 11
1 9
1 40
1 33
1 12
1 16
2 18
2 12
2 26
2 31
2 33
2 34
3 10
3 40
3 33
3 11
3 17
3 20
4 17
4 38
4 11
4 13
4 35
4 25
5 29
5 18
5 39
5 30
5 20
5 17
6 31
6 22
6 17
6 30
6 14
6 20
7 37
7 24
7 23
7 22
7 14
7 15
8 16
8 15
8 14
8 40
8 18
8 22
9 19
9 34
9 19
9 21
9 30
9 21
10 29
10 27
10 31
10 19
10 40
10 26
11 35
11 22
11 32
11 35
11 20
11 29
12 31
12 24
12 36
12 37
12 22
12 34
13 28
13 21
13 32
13 25
13 20
13 25
14 39
14 22
14 35
14 17
14 18
14 24
15 22
15 30
15 34
15 28
15 24
15 25
16 37
16 19
16 23
16 20
16 29
16 26
17 33
17 35
17 33
17 28
17 40
17 38
18 29
18 35
18 34
18 37
18 35
18 29
19 37
19 33
19 34
19 39
19 26
19 35
20 31
20 39
20 32
20 32
20 34
20 40
21 33
21 38
21 34
21 39
21 34
21 38
22 40
22 26
22 33
22 32
22 29
22 32
23 30
23 34
23 26
23 39
23 30
23 36
24 28
24 26
24 29
24 37
24 25
24 30
25 40
25 39
25 36
25 39
25 38
25 37
26 38
26 38
26 34
26 39
26 36
26 35
27 37
27 35
27 36
27 37
27 35
27 33
28 36
28 40
28 34
28 37
28 38
28 39
29 40
29 33
29 40
29 36
29 38
29 40
30 33
30 37
30 38
30 36
30 35
30 36
31 40
31 33
31 33
31 34
31 39
31 37
32 36
32 35
32 39
32 40
32 39
32 33
