32
160
0 1
0 2
0 3
0 4
0 5
0 6
0 7
0 8
0 9
0 10
21 31
22 31
23 31
24 31
25 31
26 31
27 31
28 31
29 31
30 31
1 14
1 17
1 28
1 26
1 24
1 26
1 17
2 23
2 20
2 12
2 13
2 18
2 21
2 30
3 14
3 17
3 11
3 17
3 23
3 27
3 22
4 19
4 18
4 20
4 13
4 21
4 13
4 14
5 18
5 26
5 20
5 13
5 13
5 29
5 20
6 18
6 24
6 27
6 22
6 13
6 20
6 24
7 12
7 30
7 15
7 28
7 29
7 15
7 26
8 21
8 24
8 17
8 22
8 11
8 27
8 24
9 13
9 21
9 27
9 12
9 16
9 16
9 15
10 18
10 27
10 16
10 17
10 20
10 24
10 28
11 25
11 26
11 23
11 26
11 25
11 28
11 25
12 25
12 24
12 21
12 28
12 29
12 27
12 29
13 29
13 25
13 24
13 22
13 25
13 30
13 23
14 21
14 27
14 29
14 30
14 23
14 27
14 27
15 25
15 30
15 26
15 21
15 25
15 29
15 28
16 22
16 28
16 23
16 28
16 23
16 23
16 27
17 22
17 21
17 27
17 22
17 26
17 30
17 25
18 30
18 21
18 30
18 22
18 28
18 28
18 22
19 22
19 26
19 30
19 28
19 28
19 27
19 28
20 24
20 27
20 26
20 27
20 24
20 30
20 25
