52
180
0 1
0 2
0 3
0 4
0 5
0 6
0 7
0 8
0 9
0 10
41 51
42 51
43 51
44 51
45 51
46 51
47 51
48 51
49 51
50 51
1 17
1 18
1 33
1 21
2 17
2 44
2 39
2 37
3 20
3 42
3 28
3 37
4 45
4 15
4 33
4 11
5 28
5 44
5 14
5 38
6 39
6 13
6 30
6 40
7 32
7 26
7 16
7 30
8 36
8 18
8 45
8 34
9 17
9 19
9 36
9 23
10 12
10 24
10 50
10 21
11 27
11 27
11 50
11 22
12 33
12 42
12 24
12 41
13 37
13 38
13 40
13 47
14 42
14 29
14 37
14 44
15 26
15 42
15 25
15 43
16 49
16 29
16 37
16 36
17 39
17 32
17 30
17 31
18 48
18 41
18 23
18 24
19 47
19 44
19 25
19 22
20 27
20 29
20 42
20 43
21 48
21 43
21 40
21 49
22 31
22 46
22 44
22 47
23 49
23 38
23 39
23 39
24 38
24 47
24 36
24 47
25 49
25 46
25 49
25 36
26 46
26 33
26 31
26 35
27 47
27 46
27 36
27 35
28 36
28 39
28 48
28 45
29 31
29 49
29 35
29 43
30 36
30 49
30 31
30 34
31 46
31 42
31 44
31 46
32 48
32 50
32 44
32 46
33 47
33 42
33 43
33 44
34 44
34 44
34 50
34 42
35 41
35 45
35 47
35 48
36 45
36 46
36 42
36 45
37 44
37 48
37 50
37 49
38 46
38 50
38 44
38 44
39 41
39 47
39 41
39 41
40 48
40 44
40 48
40 44
