20
111
0 1
0 2
0 3
16 19
17 19
18 19
1 7
1 7
1 13
1 16
1 6
1 10
1 18
2 7
2 4
2 12
2 9
2 18
2 11
2 9
3 8
3 4
3 9
3 18
3 18
3 5
3 13
4 9
4 13
4 15
4 8
4 10
4 10
4 11
5 15
5 18
5 9
5 7
5 18
5 10
5 17
6 15
6 11
6 17
6 18
6 17
6 16
6 8
7 14
7 16
7 17
7 15
7 13
7 18
7 17
8 13
8 16
8 18
8 15
8 11
8 16
8 12
9 15
9 16
9 16
9 15
9 10
9 13
9 18
10 18
10 16
10 17
10 15
10 18
10 16
10 18
11 16
11 17
11 14
11 15
11 17
11 16
11 14
12 18
12 18
12 17
12 16
12 16
12 14
12 13
13 18
13 17
13 18
13 18
13 18
13 16
13 17
14 18
14 16
14 16
14 16
14 17
14 16
14 16
15 17
15 16
15 18
15 18
15 17
15 17
15 16
