26
102
0 1
0 2
0 3
0 4
0 5
0 6
19 25
20 25
21 25
22 25
23 25
24 25
1 7
1 19
1 15
1 12
1 22
2 17
2 9
2 24
2 22
2 24
3 16
3 17
3 14
3 9
3 23
4 10
4 14
4 18
4 18
4 11
5 10
5 22
5 8
5 7
5 15
6 14
6 9
6 9
6 9
6 13
7 23
7 21
7 13
7 19
7 13
8 20
8 22
8 13
8 20
8 19
9 24
9 21
9 17
9 17
9 16
10 22
10 21
10 15
10 19
10 24
11 19
11 22
11 14
11 13
11 14
12 20
12 24
12 20
12 22
12 21
13 20
13 20
13 21
13 24
13 24
14 19
14 24
14 21
14 19
14 23
15 19
15 23
15 23
15 24
15 21
16 20
16 19
16 21
16 23
16 19
17 21
17 21
17 20
17 22
17 21
18 20
18 23
18 21
18 21
18 24
