62
520
0 1
0 2
0 3
0 4
0 5
0 6
0 7
0 8
0 9
0 10
51 61
52 61
53 61
54 61
55 61
56 61
57 61
58 61
59 61
60 61
1 44
1 47
1 38
1 26
1 54
1 46
1 47
1 53
1 60
1 32
2 23
2 38
2 51
2 20
2 24
2 37
2 51
2 37
2 33
2 47
3 22
3 29
3 28
3 40
3 43
3 41
3 23
3 34
3 28
3 46
4 40
4 13
4 33
4 19
4 30
4 28
4 54
4 17
4 22
4 53
5 40
5 34
5 32
5 30
5 45
5 48
5 59
5 35
5 26
5 31
6 24
6 37
6 52
6 41
6 17
6 34
6 23
6 31
6 57
6 42
7 16
7 36
7 45
7 38
7 47
7 16
7 57
7 40
7 24
7 18
8 35
8 56
8 43
8 56
8 25
8 28
8 45
8 25
8 54
8 11
9 48
9 19
9 37
9 39
9 49
9 45
9 14
9 12
9 15
9 60
10 43
10 21
10 37
10 29
10 50
10 23
10 37
10 47
10 55
10 50
11 56
11 31
11 55
11 39
11 48
11 22
11 38
11 43
11 58
11 33
12 33
12 57
12 42
12 21
12 27
12 22
12 46
12 30
12 25
12 40
13 21
13 30
13 52
13 58
13 38
13 32
13 22
13 56
13 50
13 28
14 28
14 37
14 38
14 54
14 47
14 26
14 47
14 24
14 40
14 45
15 29
15 52
15 33
15 50
15 44
15 40
15 51
15 29
15 49
15 56
16 41
16 50
16 57
16 24
16 39
16 26
16 27
16 32
16 22
16 56
17 40
17 29
17 25
17 49
17 22
17 51
17 54
17 41
17 55
17 25
18 25
18 55
18 48
18 37
18 44
18 32
18 48
18 26
18 40
18 37
19 53
19 52
19 58
19 49
19 56
19 28
19 55
19 22
19 39
19 56
20 50
20 58
20 56
20 54
20 39
20 49
20 44
20 32
20 29
20 30
21 57
21 35
21 44
21 44
21 54
21 39
21 57
21 41
21 35
21 59
22 49
22 49
22 40
22 58
22 48
22 37
22 45
22 34
22 31
22 54
23 51
23 60
23 53
23 36
23 35
23 31
23 36
23 60
23 45
23 47
24 40
24 33
24 43
24 45
24 38
24 58
24 46
24 35
24 39
24 42
25 33
25 49
25 60
25 34
25 47
25 39
25 41
25 53
25 42
25 41
26 46
26 32
26 32
26 31
26 59
26 36
26 31
26 57
26 35
26 37
27 43
27 36
27 39
27 47
27 43
27 39
27 45
27 58
27 43
27 45
28 31
28 37
28 33
28 60
28 40
28 41
28 39
28 42
28 34
28 42
29 52
29 41
29 44
29 45
29 41
29 34
29 50
29 42
29 60
29 47
30 40
30 34
30 44
30 49
30 51
30 56
30 57
30 57
30 45
30 31
31 51
31 45
31 57
31 43
31 57
31 48
31 46
31 57
31 60
31 59
32 48
32 53
32 49
32 53
32 60
32 50
32 57
32 51
32 43
32 48
33 47
33 42
33 54
33 53
33 42
33 56
33 60
33 60
33 42
33 45
34 60
34 52
34 41
34 48
34 46
34 49
34 48
34 51
34 45
34 59
35 41
35 45
35 43
35 50
35 57
35 42
35 51
35 45
35 53
35 53
36 53
36 51
36 46
36 46
36 43
36 60
36 41
36 43
36 59
36 54
37 59
37 51
37 45
37 51
37 50
37 42
37 60
37 57
37 53
37 56
38 55
38 45
38 60
38 50
38 54
38 57
38 51
38 56
38 41
38 43
39 60
39 45
39 54
39 46
39 42
39 48
39 45
39 54
39 42
39 55
40 47
40 60
40 45
40 43
40 43
40 47
40 45
40 42
40 43
40 49
41 59
41 60
41 53
41 59
41 59
41 59
41 57
41 59
41 54
41 59
42 54
42 54
42 54
42 59
42 51
42 55
42 58
42 57
42 59
42 60
43 51
43 57
43 59
43 58
43 60
43 51
43 54
43 54
43 54
43 58
44 54
44 53
44 57
44 56
44 53
44 57
44 56
44 59
44 58
44 60
45 57
45 51
45 55
45 52
45 51
45 55
45 59
45 58
45 51
45 59
46 57
46 53
46 55
46 58
46 60
46 54
46 60
46 53
46 59
46 54
47 51
47 52
47 58
47 59
47 60
47 52
47 56
47 55
47 60
47 53
48 56
48 58
48 55
48 60
48 60
48 55
48 56
48 60
48 54
48 56
49 58
49 51
49 59
49 52
49 60
49 60
49 58
49 59
49 53
49 56
50 54
50 55
50 60
50 51
50 53
50 51
50 52
50 60
50 57
50 53
