29
180
0 1
0 2
0 3
0 4
0 5
0 6
0 7
0 8
0 9
19 28
20 28
21 28
22 28
23 28
24 28
25 28
26 28
27 28
1 11
1 26
1 19
1 17
1 15
1 17
1 20
1 22
1 25
2 11
2 24
2 23
2 24
2 17
2 15
2 14
2 16
2 10
3 26
3 20
3 27
3 18
3 25
3 25
3 18
3 18
3 18
4 23
4 11
4 11
4 15
4 10
4 10
4 22
4 15
4 13
5 11
5 26
5 23
5 26
5 25
5 19
5 19
5 21
5 24
6 23
6 24
6 12
6 21
6 22
6 21
6 20
6 11
6 18
7 18
7 19
7 24
7 24
7 14
7 23
7 25
7 19
7 24
8 25
8 12
8 27
8 26
8 13
8 23
8 21
8 10
8 19
9 10
9 19
9 12
9 25
9 12
9 24
9 25
9 24
9 17
10 25
10 25
10 27
10 24
10 22
10 25
10 21
10 27
10 20
11 25
11 25
11 27
11 19
11 20
11 20
11 26
11 19
11 22
12 21
12 19
12 20
12 21
12 20
12 27
12 22
12 24
12 21
13 25
13 19
13 26
13 21
13 26
13 21
13 27
13 20
13 25
14 24
14 20
14 24
14 23
14 25
14 19
14 23
14 25
14 21
15 22
15 21
15 19
15 23
15 22
15 26
15 24
15 22
15 25
16 24
16 23
16 21
16 24
16 21
16 20
16 22
16 21
16 27
17 22
17 21
17 19
17 19
17 26
17 21
17 23
17 22
17 25
18 21
18 24
18 20
18 21
18 25
18 23
18 21
18 21
18 26
