30
152
0 1
0 2
0 3
0 4
25 29
26 29
27 29
28 29
1 20
1 16
1 11
1 5
1 9
1 16
2 9
2 26
2 17
2 16
2 7
2 18
3 19
3 8
3 6
3 16
3 16
3 21
4 25
4 25
4 6
4 19
4 6
4 9
5 23
5 13
5 13
5 23
5 16
5 25
6 12
6 20
6 16
6 14
6 28
6 25
7 21
7 20
7 26
7 17
7 24
7 16
8 23
8 10
8 27
8 24
8 18
8 26
9 24
9 14
9 23
9 25
9 28
9 16
10 21
10 22
10 21
10 17
10 24
10 16
11 18
11 23
11 27
11 21
11 21
11 15
12 21
12 13
12 22
12 26
12 26
12 17
13 25
13 20
13 23
13 28
13 19
13 28
14 21
14 22
14 21
14 23
14 22
14 28
15 19
15 27
15 26
15 19
15 23
15 25
16 18
16 20
16 20
16 21
16 25
16 28
17 27
17 25
17 24
17 28
17 23
17 21
18 25
18 27
18 28
18 23
18 26
18 22
19 26
19 23
19 27
19 22
19 21
19 21
20 25
20 23
20 23
20 22
20 25
20 21
21 27
21 27
21 25
21 26
21 27
21 25
22 25
22 25
22 25
22 28
22 28
22 27
23 25
23 28
23 26
23 28
23 26
23 27
24 26
24 27
24 25
24 28
24 28
24 26
