20
108
0 1
0 2
0 3
0 4
0 5
0 6
13 19
14 19
15 19
16 19
17 19
18 19
1 14
1 17
1 16
1 14
1 12
1 14
1 17
1 7
2 16
2 8
2 9
2 14
2 9
2 14
2 18
2 17
3 7
3 13
3 11
3 11
3 18
3 15
3 10
3 16
4 9
4 9
4 9
4 14
4 14
4 14
4 12
4 13
5 13
5 13
5 12
5 10
5 8
5 11
5 14
5 17
6 16
6 16
6 16
6 18
6 15
6 8
6 9
6 15
7 18
7 13
7 18
7 17
7 14
7 15
7 15
7 16
8 15
8 15
8 17
8 14
8 16
8 16
8 15
8 16
9 15
9 18
9 17
9 16
9 14
9 18
9 13
9 16
10 13
10 16
10 15
10 16
10 15
10 15
10 16
10 15
11 14
11 13
11 13
11 15
11 15
11 13
11 16
11 18
12 15
12 14
12 13
12 13
12 15
12 13
12 14
12 17
