26
216
0 1
0 2
0 3
22 25
23 25
24 25
1 9
1 16
1 22
1 15
1 9
1 8
1 17
1 20
1 10
1 21
2 18
2 5
2 16
2 19
2 21
2 14
2 11
2 24
2 13
2 22
3 20
3 10
3 21
3 4
3 19
3 24
3 6
3 23
3 24
3 6
4 23
4 15
4 15
4 16
4 14
4 8
4 24
4 15
4 19
4 22
5 9
5 24
5 24
5 7
5 14
5 12
5 12
5 21
5 14
5 9
6 10
6 16
6 19
6 18
6 20
6 19
6 18
6 8
6 18
6 14
7 22
7 20
7 23
7 21
7 24
7 19
7 12
7 23
7 22
7 15
8 18
8 19
8 19
8 20
8 22
8 15
8 16
8 19
8 21
8 12
9 21
9 22
9 10
9 22
9 13
9 21
9 16
9 19
9 10
9 10
10 21
10 16
10 18
10 19
10 19
10 23
10 17
10 18
10 15
10 21
11 22
11 15
11 21
11 23
11 17
11 19
11 19
11 19
11 17
11 21
12 19
12 14
12 19
12 23
12 24
12 23
12 16
12 13
12 24
12 14
13 23
13 17
13 18
13 17
13 22
13 23
13 21
13 21
13 16
13 22
14 21
14 23
14 16
14 24
14 18
14 18
14 21
14 22
14 16
14 23
15 23
15 17
15 23
15 23
15 18
15 16
15 22
15 23
15 17
15 24
16 22
16 20
16 24
16 19
16 24
16 22
16 20
16 21
16 24
16 24
17 22
17 20
17 20
17 19
17 22
17 23
17 22
17 22
17 19
17 20
18 21
18 23
18 24
18 19
18 19
18 24
18 20
18 20
18 22
18 19
19 23
19 23
19 23
19 23
19 24
19 23
19 23
19 23
19 23
19 23
20 22
20 23
20 22
20 24
20 24
20 23
20 24
20 22
20 24
20 24
21 23
21 24
21 23
21 23
21 22
21 23
21 24
21 24
21 22
21 24
