32
220
0 1
0 2
0 3
0 4
0 5
0 6
0 7
0 8
0 9
0 10
21 31
22 31
23 31
24 31
25 31
26 31
27 31
28 31
29 31
30 31
1 14
1 17
1 28
1 26
1 24
1 26
1 17
1 23
1 20
1 12
2 13
2 18
2 21
2 30
2 14
2 17
2 11
2 17
2 23
2 27
3 22
3 19
3 18
3 20
3 13
3 21
3 13
3 14
3 18
3 26
4 20
4 13
4 13
4 29
4 20
4 18
4 24
4 27
4 22
4 13
5 20
5 24
5 12
5 30
5 15
5 28
5 29
5 15
5 26
5 21
6 24
6 17
6 22
6 11
6 27
6 24
6 13
6 21
6 27
6 12
7 16
7 16
7 15
7 18
7 27
7 16
7 17
7 20
7 24
7 28
8 15
8 26
8 13
8 16
8 25
8 18
8 25
8 15
8 14
8 21
9 18
9 19
9 27
9 29
9 19
9 15
9 14
9 22
9 25
9 30
10 23
10 11
10 27
10 19
10 30
10 23
10 17
10 17
10 25
10 30
11 26
11 21
11 25
11 29
11 28
11 22
11 28
11 23
11 28
11 23
12 23
12 27
12 22
12 21
12 27
12 22
12 26
12 30
12 25
12 30
13 21
13 30
13 22
13 28
13 28
13 22
13 22
13 26
13 30
13 28
14 28
14 27
14 28
14 24
14 27
14 26
14 27
14 24
14 30
14 25
15 29
15 22
15 23
15 30
15 24
15 30
15 21
15 29
15 29
15 26
16 21
16 30
16 27
16 24
16 29
16 26
16 27
16 22
16 22
16 26
17 30
17 29
17 25
17 29
17 22
17 21
17 24
17 21
17 25
17 25
18 25
18 25
18 28
18 27
18 24
18 22
18 28
18 26
18 30
18 27
19 23
19 22
19 28
19 29
19 26
19 28
19 25
19 22
19 29
19 26
20 30
20 28
20 26
20 24
20 29
20 29
20 24
20 22
20 29
20 30
