37
182
0 1
0 2
0 3
0 4
0 5
0 6
0 7
29 36
30 36
31 36
32 36
33 36
34 36
35 36
1 21
1 33
1 12
1 29
1 21
1 24
2 15
2 19
2 13
2 28
2 22
2 14
3 25
3 10
3 11
3 10
3 29
3 25
4 24
4 34
4 16
4 35
4 32
4 27
5 25
5 29
5 31
5 22
5 28
5 34
6 16
6 25
6 32
6 20
6 30
6 29
7 8
7 9
7 12
7 25
7 13
7 10
8 16
8 31
8 25
8 19
8 31
8 32
9 21
9 27
9 23
9 29
9 31
9 19
10 34
10 19
10 18
10 35
10 26
10 15
11 24
11 34
11 32
11 34
11 31
11 33
12 19
12 22
12 32
12 21
12 19
12 24
13 31
13 20
13 17
13 20
13 22
13 31
14 35
14 28
14 22
14 21
14 21
14 16
15 23
15 32
15 27
15 33
15 22
15 24
16 33
16 24
16 28
16 34
16 35
16 30
17 31
17 25
17 28
17 26
17 31
17 32
18 26
18 24
18 28
18 33
18 34
18 34
19 35
19 27
19 26
19 34
19 26
19 24
20 28
20 25
20 32
20 33
20 23
20 30
21 35
21 34
21 30
21 25
21 31
21 29
22 33
22 31
22 30
22 33
22 35
22 31
23 34
23 32
23 33
23 32
23 29
23 30
24 30
24 34
24 35
24 32
24 32
24 30
25 32
25 29
25 33
25 33
25 33
25 32
26 34
26 30
26 29
26 34
26 34
26 31
27 32
27 29
27 33
27 34
27 31
27 31
28 34
28 35
28 34
28 31
28 31
28 33
