26
208
0 1
0 2
0 3
0 4
21 25
22 25
23 25
24 25
1 8
1 11
1 22
1 20
1 18
1 20
1 11
1 17
1 14
1 6
2 7
2 12
2 15
2 24
2 8
2 11
2 5
2 11
2 17
2 21
3 16
3 13
3 12
3 14
3 7
3 15
3 7
3 8
3 12
3 20
4 14
4 7
4 7
4 23
4 14
4 12
4 18
4 21
4 16
4 7
5 14
5 22
5 14
5 16
5 17
5 18
5 23
5 13
5 20
5 11
6 22
6 15
6 20
6 13
6 13
6 10
6 23
6 11
6 13
6 10
7 10
7 22
7 21
7 16
7 9
7 18
7 23
7 10
7 10
7 10
8 21
8 16
8 23
8 10
8 23
8 16
8 19
8 21
8 20
8 15
9 20
9 13
9 13
9 15
9 21
9 13
9 16
9 24
9 15
9 20
10 13
10 13
10 21
10 13
10 20
10 17
10 23
10 19
10 19
10 24
11 16
11 23
11 15
11 23
11 24
11 22
11 18
11 15
11 22
11 13
12 17
12 21
12 14
12 21
12 15
12 14
12 22
12 18
12 17
12 24
13 17
13 18
13 24
13 22
13 18
13 20
13 18
13 20
13 22
13 24
14 24
14 17
14 18
14 18
14 19
14 22
14 19
14 20
14 20
14 17
15 17
15 24
15 21
15 22
15 24
15 20
15 23
15 17
15 21
15 20
16 21
16 22
16 21
16 20
16 19
16 22
16 23
16 20
16 18
16 20
17 24
17 21
17 21
17 21
17 22
17 23
17 22
17 21
17 23
17 21
18 21
18 23
18 24
18 21
18 24
18 24
18 24
18 22
18 24
18 21
19 21
19 24
19 22
19 21
19 24
19 24
19 23
19 22
19 23
19 24
20 22
20 22
20 24
20 22
20 23
20 21
20 24
20 24
20 21
20 22
