42
185
0 1
0 2
0 3
0 4
0 5
36 41
37 41
38 41
39 41
40 41
1 38
1 13
1 6
1 11
1 20
2 21
2 32
2 27
2 9
2 15
3 16
3 10
3 25
3 7
3 17
4 40
4 25
4 38
4 6
4 12
5 24
5 9
5 8
5 24
5 33
6 16
6 12
6 33
6 25
6 19
7 19
7 23
7 28
7 31
7 30
8 27
8 26
8 11
8 25
8 11
9 12
9 20
9 35
9 22
9 14
10 31
10 33
10 18
10 31
10 13
11 34
11 36
11 18
11 23
11 34
12 18
12 38
12 37
12 30
12 33
13 36
13 30
13 25
13 28
13 22
14 21
14 20
14 29
14 28
14 29
15 34
15 20
15 34
15 34
15 23
16 24
16 36
16 37
16 21
16 28
17 30
17 34
17 33
17 27
17 36
18 21
18 26
18 24
18 23
18 35
19 28
19 25
19 26
19 32
19 32
20 27
20 29
20 38
20 35
20 36
21 39
21 26
21 27
21 34
21 36
22 39
22 32
22 36
22 36
22 37
23 34
23 27
23 40
23 33
23 35
24 37
24 29
24 26
24 27
24 28
25 27
25 39
25 39
25 33
25 32
26 40
26 31
26 35
26 40
26 38
27 31
27 38
27 33
27 39
27 36
28 33
28 38
28 37
28 38
28 35
29 38
29 33
29 31
29 34
29 33
30 37
30 37
30 33
30 37
30 34
31 37
31 39
31 39
31 40
31 38
32 36
32 39
32 38
32 37
32 38
33 40
33 39
33 37
33 39
33 38
34 37
34 36
34 40
34 40
34 36
35 36
35 37
35 40
35 38
35 37
