44
228
0 1
0 2
0 3
0 4
0 5
0 6
37 43
38 43
39 43
40 43
41 43
42 43
1 20
1 26
1 15
1 34
1 10
1 15
2 30
2 12
2 16
2 9
2 32
2 7
3 11
3 22
3 39
3 25
3 22
3 40
4 16
4 8
4 42
4 13
4 16
4 9
5 32
5 15
5 15
5 13
5 7
5 25
6 14
6 20
6 25
6 22
6 11
6 28
7 34
7 27
7 33
7 37
7 21
7 16
8 26
8 37
8 29
8 14
8 38
8 38
9 27
9 39
9 39
9 32
9 39
9 40
10 38
10 29
10 37
10 16
10 33
10 23
11 15
11 28
11 36
11 31
11 18
11 33
12 28
12 39
12 39
12 40
12 26
12 17
13 25
13 19
13 21
13 27
13 36
13 22
14 40
14 38
14 36
14 22
14 27
14 37
15 30
15 38
15 39
15 30
15 34
15 35
16 22
16 28
16 31
16 19
16 28
16 30
17 37
17 37
17 24
17 19
17 40
17 23
18 35
18 38
18 23
18 38
18 22
18 40
19 39
19 35
19 27
19 25
19 30
19 27
20 35
20 41
20 29
20 25
20 38
20 38
21 35
21 39
21 35
21 35
21 40
21 38
22 38
22 38
22 30
22 30
22 27
22 37
23 40
23 29
23 38
23 25
23 40
23 39
24 26
24 37
24 31
24 29
24 35
24 36
25 41
25 39
25 39
25 33
25 33
25 40
26 32
26 35
26 37
26 40
26 38
26 38
27 33
27 39
27 37
27 32
27 42
27 33
28 32
28 38
28 42
28 31
28 42
28 33
29 33
29 31
29 31
29 31
29 33
29 41
30 37
30 32
30 41
30 37
30 38
30 31
31 40
31 40
31 40
31 38
31 41
31 41
32 37
32 38
32 41
32 38
32 37
32 41
33 38
33 37
33 42
33 37
33 37
33 41
34 38
34 38
34 39
34 38
34 38
34 42
35 41
35 42
35 41
35 37
35 42
35 40
36 42
36 38
36 37
36 39
36 39
36 40
