32
110
0 1
0 2
0 3
0 4
0 5
26 31
27 31
28 31
29 31
30 31
1 29
1 9
1 6
1 26
2 6
2 23
2 8
2 18
3 10
3 13
3 15
3 14
4 6
4 25
4 23
4 14
5 17
5 21
5 16
5 7
6 25
6 24
6 28
6 16
7 19
7 12
7 11
7 20
8 14
8 11
8 23
8 17
9 15
9 24
9 29
9 27
10 18
10 21
10 19
10 22
11 30
11 19
11 17
11 27
12 20
12 19
12 21
12 21
13 22
13 16
13 25
13 23
14 21
14 17
14 28
14 19
15 30
15 16
15 16
15 23
16 28
16 23
16 29
16 22
17 28
17 28
17 30
17 28
18 30
18 29
18 29
18 30
19 29
19 21
19 26
19 23
20 21
20 23
20 25
20 24
21 28
21 29
21 26
21 26
22 27
22 26
22 29
22 26
23 26
23 26
23 30
23 28
24 26
24 29
24 27
24 30
25 28
25 26
25 27
25 29
