38
162
0 1
0 2
0 3
0 4
0 5
0 6
31 37
32 37
33 37
34 37
35 37
36 37
1 21
1 16
1 17
1 32
1 32
2 27
2 8
2 33
2 7
2 29
3 15
3 25
3 21
3 36
3 25
4 10
4 31
4 11
4 26
4 28
5 14
5 32
5 34
5 33
5 29
6 11
6 9
6 12
6 12
6 7
7 30
7 13
7 22
7 32
7 32
8 21
8 35
8 14
8 35
8 21
9 24
9 23
9 27
9 32
9 27
10 33
10 22
10 27
10 19
10 15
11 18
11 20
11 16
11 28
11 20
12 14
12 30
12 28
12 35
12 33
13 32
13 20
13 27
13 28
13 22
14 27
14 24
14 24
14 28
14 21
15 26
15 19
15 23
15 34
15 33
16 19
16 34
16 34
16 28
16 20
17 36
17 25
17 28
17 21
17 26
18 27
18 27
18 25
18 19
18 19
19 32
19 26
19 31
19 28
19 29
20 34
20 28
20 33
20 27
20 25
21 27
21 28
21 26
21 31
21 35
22 26
22 26
22 26
22 27
22 27
23 27
23 26
23 33
23 28
23 32
24 35
24 25
24 28
24 33
24 29
25 33
25 34
25 36
25 31
25 36
26 33
26 34
26 33
26 33
26 34
27 32
27 35
27 31
27 31
27 33
28 33
28 36
28 34
28 34
28 32
29 36
29 34
29 33
29 31
29 36
30 32
30 33
30 36
30 34
30 35
