58
161
0 1
0 2
0 3
0 4
0 5
0 6
0 7
50 57
51 57
52 57
53 57
54 57
55 57
56 57
1 34
1 33
1 12
2 13
2 10
2 22
3 14
3 26
3 11
4 14
4 22
4 35
5 55
5 18
5 47
6 41
6 23
6 8
7 29
7 29
7 9
8 22
8 42
8 19
9 24
9 37
9 55
10 55
10 15
10 55
11 38
11 39
11 17
12 56
12 43
12 31
13 20
13 21
13 35
14 16
14 55
14 33
15 55
15 37
15 56
16 25
16 35
16 29
17 44
17 50
17 37
18 38
18 41
18 34
19 26
19 29
19 49
20 39
20 27
20 28
21 37
21 27
21 52
22 51
22 48
22 52
23 39
23 51
23 42
24 30
24 50
24 38
25 34
25 49
25 47
26 38
26 52
26 37
27 32
27 51
27 51
28 38
28 32
28 56
29 50
29 44
29 40
30 56
30 45
30 36
31 39
31 44
31 56
32 46
32 45
32 52
33 40
33 39
33 53
34 39
34 54
34 51
35 56
35 44
35 43
36 51
36 46
36 43
37 45
37 47
37 51
38 52
38 56
38 53
39 49
39 56
39 54
40 47
40 53
40 47
41 52
41 49
41 48
42 51
42 53
42 55
43 51
43 50
43 51
44 54
44 53
44 54
45 54
45 50
45 53
46 54
46 56
46 56
47 53
47 52
47 52
48 54
48 52
48 51
49 50
49 51
49 56
