44
300
0 1
0 2
0 3
0 4
0 5
0 6
37 43
38 43
39 43
40 43
41 43
42 43
1 30
1 14
1 41
1 13
1 38
1 9
1 41
1 13
2 9
2 8
2 37
2 21
2 24
2 40
2 25
2 39
3 19
3 15
3 19
3 34
3 25
3 42
3 28
3 11
4 10
4 15
4 15
4 12
4 22
4 18
4 8
4 25
5 41
5 7
5 31
5 17
5 25
5 29
5 23
5 8
6 30
6 34
6 22
6 28
6 31
6 20
6 24
6 23
7 20
7 16
7 14
7 30
7 21
7 15
7 28
7 16
8 34
8 35
8 34
8 25
8 32
8 15
8 19
8 37
9 19
9 42
9 39
9 42
9 22
9 37
9 13
9 32
10 28
10 14
10 33
10 20
10 25
10 26
10 16
10 25
11 21
11 40
11 34
11 29
11 34
11 42
11 24
11 25
12 34
12 37
12 29
12 23
12 40
12 36
12 39
12 38
13 41
13 35
13 25
13 30
13 28
13 23
13 23
13 35
14 36
14 25
14 35
14 23
14 24
14 26
14 39
14 20
15 33
15 42
15 28
15 29
15 29
15 28
15 29
15 20
16 40
16 34
16 31
16 23
16 25
16 31
16 37
16 39
17 24
17 19
17 42
17 33
17 24
17 23
17 25
17 33
18 21
18 41
18 29
18 27
18 41
18 25
18 20
18 23
19 25
19 36
19 39
19 39
19 37
19 30
19 29
19 26
20 37
20 27
20 37
20 37
20 33
20 41
20 25
20 36
21 35
21 42
21 26
21 26
21 38
21 33
21 39
21 41
22 35
22 37
22 37
22 33
22 36
22 36
22 42
22 34
23 29
23 38
23 30
23 41
23 25
23 32
23 25
23 37
24 34
24 35
24 29
24 41
24 33
24 29
24 34
24 41
25 33
25 42
25 37
25 34
25 42
25 37
25 38
25 32
26 35
26 42
26 33
26 40
26 36
26 38
26 31
26 32
27 37
27 35
27 41
27 38
27 36
27 39
27 42
27 32
28 31
28 33
28 42
28 31
28 37
28 39
28 35
28 31
29 42
29 33
29 35
29 33
29 39
29 34
29 39
29 32
30 38
30 41
30 33
30 31
30 40
30 38
30 36
30 34
31 42
31 40
31 39
31 41
31 42
31 37
31 42
31 40
32 39
32 39
32 40
32 37
32 40
32 37
32 38
32 39
33 39
33 42
33 40
33 40
33 37
33 42
33 39
33 38
34 38
34 39
34 42
34 41
34 40
34 42
34 38
34 39
35 37
35 39
35 42
35 37
35 39
35 39
35 38
35 41
36 40
36 40
36 41
36 37
36 40
36 42
36 37
36 40
