44
154
0 1
0 2
0 3
0 4
0 5
0 6
0 7
36 43
37 43
38 43
39 43
40 43
41 43
42 43
1 41
1 42
1 40
1 18
2 10
2 9
2 33
2 23
3 18
3 24
3 15
3 11
4 25
4 12
4 41
4 33
5 13
5 20
5 21
5 31
6 14
6 30
6 9
6 23
7 17
7 8
7 41
7 16
8 15
8 31
8 21
8 34
9 37
9 26
9 31
9 18
10 34
10 19
10 25
10 35
11 42
11 25
11 36
11 15
12 20
12 41
12 18
12 24
13 38
13 24
13 33
13 21
14 24
14 20
14 37
14 38
15 32
15 33
15 39
15 25
16 42
16 39
16 24
16 28
17 27
17 38
17 22
17 32
18 33
18 39
18 29
18 33
19 40
19 29
19 31
19 37
20 25
20 34
20 39
20 27
21 35
21 36
21 39
21 28
22 39
22 33
22 37
22 29
23 35
23 34
23 32
23 39
24 35
24 39
24 38
24 33
25 32
25 39
25 34
25 30
26 33
26 41
26 39
26 36
27 39
27 34
27 30
27 35
28 31
28 33
28 39
28 35
29 38
29 42
29 41
29 41
30 37
30 42
30 41
30 41
31 38
31 36
31 37
31 37
32 39
32 38
32 39
32 41
33 39
33 37
33 42
33 36
34 40
34 38
34 36
34 36
35 41
35 42
35 41
35 36
