20
126
0 1
0 2
0 3
16 19
17 19
18 19
1 6
1 7
1 18
1 7
1 5
1 12
1 14
1 11
2 15
2 14
2 4
2 5
2 5
2 4
2 17
2 9
3 4
3 15
3 8
3 10
3 16
3 9
3 12
3 5
4 13
4 9
4 15
4 16
4 13
4 15
4 7
4 7
5 15
5 18
5 10
5 17
5 15
5 18
5 16
5 18
6 16
6 17
6 8
6 9
6 11
6 10
6 14
6 12
7 12
7 14
7 13
7 16
7 11
7 10
7 18
7 17
8 12
8 12
8 12
8 16
8 17
8 12
8 10
8 16
9 16
9 14
9 16
9 16
9 14
9 13
9 15
9 12
10 17
10 17
10 16
10 16
10 15
10 15
10 13
10 18
11 13
11 16
11 14
11 13
11 14
11 14
11 18
11 14
12 16
12 15
12 14
12 14
12 15
12 18
12 18
12 13
13 18
13 18
13 16
13 17
13 16
13 17
13 17
13 18
14 18
14 17
14 16
14 18
14 17
14 16
14 18
14 18
15 17
15 16
15 18
15 17
15 17
15 18
15 18
15 18
