32
200
0 1
0 2
0 3
0 4
0 5
0 6
0 7
0 8
0 9
0 10
21 31
22 31
23 31
24 31
25 31
26 31
27 31
28 31
29 31
30 31
1 14
1 17
1 28
1 26
1 24
1 26
1 17
1 23
1 20
2 12
2 13
2 18
2 21
2 30
2 14
2 17
2 11
2 17
3 23
3 27
3 22
3 19
3 18
3 20
3 13
3 21
3 13
4 14
4 18
4 26
4 20
4 13
4 13
4 29
4 20
4 18
5 24
5 27
5 22
5 13
5 20
5 24
5 12
5 30
5 15
6 28
6 29
6 15
6 26
6 21
6 24
6 17
6 22
6 11
7 27
7 24
7 13
7 21
7 27
7 12
7 16
7 16
7 15
8 18
8 27
8 16
8 17
8 20
8 24
8 28
8 15
8 26
9 13
9 16
9 25
9 18
9 25
9 15
9 14
9 21
9 18
10 19
10 27
10 29
10 19
10 15
10 14
10 22
10 25
10 30
11 23
11 21
11 27
11 29
11 30
11 23
11 27
11 27
11 25
12 30
12 26
12 21
12 25
12 29
12 28
12 22
12 28
12 23
13 28
13 23
13 23
13 27
13 22
13 21
13 27
13 22
13 26
14 30
14 25
14 30
14 21
14 30
14 22
14 28
14 28
14 22
15 22
15 26
15 30
15 28
15 28
15 27
15 28
15 24
15 27
16 26
16 27
16 24
16 30
16 25
16 29
16 22
16 23
16 30
17 24
17 30
17 21
17 29
17 29
17 26
17 21
17 30
17 27
18 24
18 29
18 26
18 27
18 22
18 22
18 26
18 30
18 29
19 25
19 29
19 22
19 21
19 24
19 21
19 25
19 25
19 25
20 25
20 28
20 27
20 24
20 22
20 28
20 26
20 30
20 27
