26
112
0 1
0 2
0 3
0 4
0 5
0 6
0 7
0 8
17 25
18 25
19 25
20 25
21 25
22 25
23 25
24 25
1 11
1 19
1 23
1 12
1 20
1 19
2 19
2 19
2 20
2 18
2 10
2 15
3 14
3 21
3 21
3 13
3 14
3 17
4 23
4 10
4 18
4 18
4 21
4 20
5 17
5 18
5 24
5 14
5 10
5 20
6 10
6 12
6 14
6 24
6 16
6 9
7 18
7 10
7 19
7 14
7 19
7 20
8 20
8 9
8 17
8 16
8 13
8 22
9 24
9 20
9 23
9 17
9 21
9 20
10 21
10 22
10 21
10 20
10 19
10 22
11 23
11 20
11 18
11 20
11 20
11 17
12 21
12 21
12 18
12 23
12 18
12 21
13 19
13 21
13 21
13 19
13 20
13 17
14 24
14 20
14 20
14 22
14 20
14 17
15 17
15 24
15 22
15 21
15 20
15 24
16 19
16 18
16 19
16 20
16 22
16 22
