32
180
0 1
0 2
0 3
0 4
0 5
0 6
25 31
26 31
27 31
28 31
29 31
30 31
1 30
1 21
1 7
1 17
1 7
1 23
1 29
2 12
2 27
2 8
2 13
2 27
2 11
2 19
3 15
3 9
3 8
3 16
3 21
3 26
3 23
4 9
4 9
4 24
4 9
4 21
4 19
4 21
5 24
5 28
5 10
5 23
5 19
5 26
5 9
6 11
6 18
6 24
6 16
6 15
6 25
6 14
7 23
7 17
7 30
7 29
7 26
7 26
7 18
8 26
8 15
8 14
8 26
8 15
8 19
8 28
9 17
9 29
9 29
9 15
9 15
9 20
9 25
10 25
10 19
10 20
10 17
10 19
10 19
10 13
11 25
11 25
11 14
11 15
11 28
11 14
11 14
12 21
12 25
12 19
12 14
12 25
12 21
12 28
13 27
13 25
13 19
13 24
13 24
13 29
13 26
14 20
14 22
14 24
14 24
14 23
14 25
14 28
15 27
15 23
15 26
15 27
15 28
15 28
15 23
16 19
16 21
16 28
16 19
16 27
16 27
16 26
17 21
17 27
17 23
17 21
17 21
17 28
17 26
18 26
18 30
18 21
18 19
18 22
18 27
18 24
19 30
19 25
19 26
19 30
19 30
19 27
19 26
20 27
20 28
20 28
20 25
20 30
20 26
20 25
21 30
21 26
21 30
21 26
21 28
21 29
21 29
22 30
22 30
22 28
22 30
22 29
22 25
22 30
23 30
23 25
23 28
23 29
23 25
23 27
23 28
24 28
24 27
24 27
24 30
24 25
24 25
24 28
