66
352
0 1
0 2
0 3
0 4
0 5
0 6
0 7
0 8
57 65
58 65
59 65
60 65
61 65
62 65
63 65
64 65
1 24
1 57
1 61
1 16
1 30
1 44
2 37
2 52
2 14
2 12
2 10
2 9
3 10
3 63
3 60
3 21
3 33
3 54
4 55
4 33
4 35
4 56
4 58
4 13
5 48
5 51
5 62
5 51
5 26
5 37
6 10
6 25
6 29
6 63
6 33
6 51
7 42
7 45
7 22
7 31
7 49
7 24
8 15
8 34
8 62
8 11
8 47
8 30
9 48
9 21
9 23
9 42
9 45
9 32
10 39
10 36
10 18
10 28
10 62
10 44
11 40
11 40
11 20
11 37
11 62
11 52
12 23
12 55
12 17
12 44
12 53
12 33
13 43
13 19
13 58
13 41
13 37
13 40
14 38
14 20
14 45
14 44
14 62
14 41
15 28
15 36
15 60
15 29
15 63
15 25
16 24
16 39
16 48
16 28
16 27
16 61
17 31
17 49
17 59
17 39
17 52
17 47
18 55
18 55
18 34
18 49
18 55
18 46
19 40
19 60
19 50
19 28
19 32
19 55
20 52
20 43
20 34
20 31
20 39
20 56
21 32
21 39
21 30
21 31
21 26
21 64
22 28
22 32
22 48
22 54
22 47
22 36
23 29
23 29
23 26
23 38
23 45
23 48
24 51
24 53
24 35
24 28
24 56
24 34
25 50
25 44
25 60
25 51
25 42
25 35
26 35
26 33
26 49
26 56
26 56
26 58
27 56
27 43
27 33
27 39
27 48
27 55
28 34
28 60
28 60
28 51
28 33
28 56
29 50
29 52
29 52
29 37
29 39
29 60
30 54
30 57
30 39
30 50
30 43
30 48
31 52
31 45
31 49
31 36
31 37
31 40
32 61
32 60
32 50
32 61
32 34
32 33
33 44
33 44
33 61
33 47
33 54
33 53
34 54
34 56
34 48
34 58
34 60
34 55
35 61
35 57
35 47
35 43
35 58
35 57
36 50
36 45
36 54
36 42
36 48
36 58
37 49
37 60
37 45
37 58
37 57
37 54
38 43
38 60
38 57
38 55
38 42
38 47
39 59
39 47
39 62
39 43
39 64
39 49
40 57
40 52
40 57
40 55
40 54
40 43
41 55
41 56
41 55
41 60
41 49
41 63
42 53
42 50
42 50
42 57
42 51
42 50
43 63
43 53
43 53
43 55
43 51
43 54
44 53
44 62
44 61
44 58
44 56
44 60
45 58
45 56
45 64
45 59
45 54
45 61
46 61
46 60
46 52
46 51
46 56
46 53
47 49
47 60
47 54
47 51
47 53
47 56
48 52
48 51
48 61
48 57
48 57
48 63
49 62
49 62
49 60
49 58
49 63
49 59
50 62
50 57
50 58
50 61
50 59
50 63
51 57
51 63
51 59
51 61
51 57
51 58
52 57
52 58
52 61
52 62
52 60
52 57
53 61
53 63
53 59
53 57
53 63
53 60
54 64
54 61
54 57
54 59
54 62
54 63
55 62
55 59
55 63
55 63
55 63
55 57
56 62
56 64
56 63
56 64
56 60
56 64
