23
150
0 1
0 2
0 3
19 22
20 22
21 22
1 7
1 15
1 4
1 4
1 20
1 15
1 8
1 7
2 10
2 15
2 18
2 5
2 6
2 19
2 17
2 15
3 15
3 20
3 12
3 18
3 5
3 18
3 5
3 8
4 21
4 11
4 16
4 11
4 9
4 18
4 10
4 13
5 9
5 17
5 16
5 8
5 14
5 18
5 9
5 20
6 12
6 9
6 16
6 8
6 15
6 17
6 21
6 14
7 13
7 11
7 12
7 18
7 13
7 13
7 10
7 19
8 18
8 14
8 17
8 17
8 15
8 12
8 12
8 14
9 14
9 20
9 10
9 10
9 19
9 19
9 15
9 10
10 15
10 16
10 19
10 15
10 21
10 18
10 14
10 15
11 14
11 19
11 15
11 15
11 15
11 20
11 16
11 15
12 19
12 21
12 20
12 16
12 13
12 17
12 15
12 18
13 18
13 16
13 21
13 19
13 20
13 18
13 20
13 20
14 21
14 20
14 19
14 17
14 17
14 16
14 20
14 21
15 16
15 18
15 20
15 16
15 16
15 21
15 18
15 20
16 19
16 21
16 21
16 19
16 19
16 21
16 19
16 19
17 21
17 21
17 19
17 20
17 21
17 21
17 19
17 21
18 19
18 20
18 20
18 21
18 20
18 19
18 20
18 21
