22
115
0 1
0 2
0 3
0 4
0 5
16 21
17 21
18 21
19 21
20 21
1 19
1 7
1 18
1 16
1 14
1 16
1 7
2 18
2 15
2 7
2 8
2 13
2 11
2 10
3 14
3 7
3 6
3 12
3 13
3 7
3 17
4 14
4 18
4 15
4 8
4 11
4 8
4 19
5 13
5 16
5 20
5 18
5 18
5 9
5 20
6 18
6 14
6 17
6 12
6 13
6 20
6 14
7 12
7 20
7 15
7 18
7 19
7 15
7 16
8 11
8 14
8 17
8 12
8 11
8 17
8 14
9 13
9 11
9 17
9 12
9 16
9 16
9 15
10 18
10 17
10 16
10 17
10 20
10 14
10 18
11 20
11 16
11 18
11 16
11 20
11 18
11 20
12 20
12 19
12 16
12 18
12 19
12 17
12 19
13 19
13 20
13 19
13 17
13 20
13 20
13 18
14 16
14 17
14 19
14 20
14 18
14 17
14 17
15 20
15 20
15 16
15 16
15 20
15 19
15 18
