42
140
0 1
0 2
0 3
0 4
0 5
0 6
0 7
0 8
0 9
0 10
31 41
32 41
33 41
34 41
35 41
36 41
37 41
38 41
39 41
40 41
1 14
1 37
1 25
1 28
2 32
2 16
2 30
2 35
3 15
3 23
3 11
3 21
4 11
4 21
4 39
4 12
5 28
5 32
5 20
5 20
6 11
6 30
6 34
6 15
7 18
7 14
7 12
7 28
8 19
8 13
8 26
8 14
9 32
9 33
9 32
9 23
10 30
10 13
10 17
10 35
11 27
11 40
11 37
11 30
12 30
12 25
12 31
12 30
13 36
13 22
13 31
13 28
14 23
14 24
14 24
14 33
15 29
15 28
15 32
15 37
16 32
16 40
16 32
16 33
17 32
17 25
17 37
17 31
18 28
18 24
18 37
18 26
19 23
19 33
19 35
19 24
20 30
20 37
20 25
20 37
21 38
21 35
21 37
21 33
22 40
22 40
22 37
22 38
23 39
23 38
23 36
23 33
24 37
24 38
24 35
24 38
25 32
25 32
25 39
25 31
26 37
26 37
26 37
26 31
27 40
27 31
27 36
27 39
28 38
28 31
28 35
28 37
29 37
29 31
29 31
29 37
30 33
30 37
30 36
30 33
