50
180
0 1
0 2
0 3
0 4
0 5
0 6
43 49
44 49
45 49
46 49
47 49
48 49
1 42
1 13
1 48
1 28
2 42
2 40
2 36
2 41
3 15
3 9
3 48
3 7
4 33
4 10
4 40
4 8
5 12
5 24
5 8
5 37
6 34
6 11
6 16
6 17
7 14
7 42
7 28
7 21
8 25
8 39
8 25
8 40
9 31
9 46
9 23
9 18
10 19
10 16
10 33
10 37
11 40
11 24
11 41
11 22
12 15
12 39
12 35
12 25
13 44
13 23
13 35
13 40
14 21
14 44
14 44
14 47
15 29
15 21
15 35
15 23
16 40
16 23
16 20
16 28
17 32
17 24
17 38
17 48
18 31
18 22
18 29
18 40
19 31
19 27
19 26
19 38
20 41
20 48
20 42
20 35
21 40
21 28
21 32
21 41
22 39
22 25
22 31
22 44
23 38
23 41
23 40
23 41
24 40
24 36
24 30
24 27
25 45
25 41
25 39
25 40
26 32
26 37
26 43
26 31
27 45
27 36
27 32
27 42
28 34
28 43
28 38
28 35
29 34
29 43
29 45
29 46
30 47
30 45
30 39
30 48
31 44
31 37
31 44
31 39
32 40
32 42
32 41
32 48
33 46
33 41
33 45
33 46
34 47
34 38
34 40
34 48
35 43
35 47
35 45
35 40
36 47
36 40
36 37
36 42
37 46
37 45
37 43
37 44
38 46
38 46
38 48
38 45
39 44
39 43
39 47
39 47
40 48
40 43
40 46
40 44
41 48
41 43
41 47
41 44
42 48
42 48
42 47
42 48
