50
296
0 1
0 2
0 3
0 4
0 5
0 6
0 7
0 8
41 49
42 49
43 49
44 49
45 49
46 49
47 49
48 49
1 33
1 16
1 40
1 29
1 13
1 20
1 40
2 39
2 43
2 26
2 38
2 21
2 45
2 38
3 24
3 14
3 44
3 42
3 33
3 39
3 42
4 48
4 30
4 32
4 20
4 41
4 31
4 29
5 17
5 20
5 21
5 41
5 27
5 45
5 22
6 23
6 16
6 45
6 45
6 11
6 22
6 35
7 23
7 10
7 24
7 31
7 15
7 12
7 16
8 31
8 42
8 9
8 23
8 23
8 24
8 26
9 47
9 22
9 47
9 48
9 41
9 27
9 32
10 28
10 47
10 29
10 34
10 47
10 33
10 31
11 17
11 30
11 33
11 31
11 48
11 32
11 29
12 22
12 27
12 44
12 29
12 44
12 28
12 19
13 18
13 36
13 28
13 17
13 41
13 26
13 48
14 34
14 37
14 31
14 45
14 35
14 44
14 30
15 33
15 28
15 44
15 33
15 42
15 28
15 48
16 41
16 44
16 28
16 46
16 22
16 24
16 26
17 26
17 27
17 36
17 43
17 38
17 48
17 35
18 39
18 25
18 42
18 40
18 45
18 25
18 36
19 32
19 36
19 41
19 40
19 31
19 37
19 41
20 32
20 32
20 32
20 32
20 27
20 27
20 46
21 33
21 34
21 31
21 26
21 29
21 43
21 44
22 42
22 34
22 47
22 48
22 34
22 40
22 39
23 47
23 32
23 26
23 46
23 43
23 35
23 29
24 26
24 39
24 37
24 25
24 46
24 44
24 25
25 33
25 39
25 38
25 33
25 48
25 36
25 34
26 44
26 46
26 37
26 46
26 47
26 43
26 45
27 33
27 35
27 44
27 39
27 42
27 37
27 36
28 45
28 39
28 40
28 38
28 45
28 37
28 46
29 35
29 40
29 46
29 35
29 46
29 35
29 35
30 46
30 39
30 36
30 41
30 36
30 40
30 38
31 35
31 35
31 35
31 35
31 37
31 46
31 41
32 46
32 34
32 44
32 42
32 41
32 35
32 47
33 45
33 47
33 45
33 47
33 47
33 42
33 41
34 44
34 45
34 43
34 41
34 43
34 46
34 42
35 46
35 46
35 47
35 48
35 48
35 41
35 42
36 44
36 46
36 42
36 41
36 48
36 45
36 43
37 48
37 48
37 41
37 44
37 46
37 45
37 43
38 44
38 47
38 43
38 48
38 43
38 46
38 48
39 45
39 43
39 41
39 42
39 48
39 48
39 42
40 47
40 48
40 43
40 42
40 46
40 45
40 43
