32
156
0 1
0 2
0 3
0 4
0 5
0 6
25 31
26 31
27 31
28 31
29 31
30 31
1 9
1 24
1 9
1 11
1 20
1 11
2 19
2 17
2 21
2 9
2 30
2 16
3 25
3 12
3 22
3 25
3 10
3 19
4 21
4 14
4 26
4 27
4 12
4 24
5 18
5 11
5 22
5 15
5 10
5 15
6 29
6 12
6 25
6 7
6 8
6 14
7 18
7 26
7 18
7 30
7 26
7 15
8 27
8 15
8 19
8 28
8 13
8 16
9 29
9 21
9 15
9 28
9 16
9 20
10 15
10 27
10 18
10 23
10 15
10 15
11 29
11 13
11 18
11 29
11 30
11 25
12 25
12 15
12 18
12 28
12 14
12 14
13 19
13 20
13 20
13 25
13 24
13 24
14 26
14 20
14 27
14 22
14 23
14 22
15 24
15 24
15 24
15 21
15 28
15 30
16 30
16 20
16 23
16 27
16 23
16 28
17 26
17 29
17 22
17 29
17 24
17 23
18 28
18 28
18 24
18 21
18 26
18 29
19 27
19 27
19 28
19 29
19 29
19 27
20 26
20 28
20 30
20 29
20 28
20 27
21 26
21 25
21 26
21 30
21 28
21 30
22 25
22 29
22 26
22 28
22 25
22 30
23 30
23 29
23 27
23 30
23 25
23 27
24 26
24 27
24 27
24 30
24 29
24 25
