22
120
0 1
0 2
0 3
0 4
17 21
18 21
19 21
20 21
1 17
1 11
1 6
1 16
1 15
1 15
1 10
2 7
2 19
2 5
2 10
2 8
2 16
2 9
3 17
3 8
3 11
3 9
3 8
3 20
3 7
4 5
4 9
4 19
4 20
4 7
4 10
4 14
5 10
5 15
5 19
5 14
5 9
5 17
5 13
6 15
6 15
6 14
6 17
6 13
6 15
6 11
7 17
7 18
7 15
7 17
7 9
7 9
7 17
8 20
8 12
8 19
8 17
8 20
8 18
8 20
9 14
9 15
9 18
9 19
9 17
9 16
9 20
10 18
10 16
10 17
10 20
10 18
10 18
10 17
11 19
11 20
11 19
11 15
11 17
11 17
11 15
12 17
12 13
12 19
12 13
12 16
12 18
12 17
13 20
13 19
13 20
13 17
13 17
13 17
13 20
14 18
14 17
14 19
14 19
14 20
14 19
14 18
15 18
15 17
15 18
15 20
15 20
15 20
15 18
16 17
16 20
16 20
16 17
16 20
16 18
16 17
