38
180
0 1
0 2
0 3
0 4
0 5
0 6
0 7
0 8
0 9
28 37
29 37
30 37
31 37
32 37
33 37
34 37
35 37
36 37
1 29
1 26
1 28
1 35
1 24
1 35
2 29
2 22
2 16
2 20
2 33
2 14
3 15
3 17
3 15
3 14
3 16
3 10
4 35
4 20
4 18
4 36
4 34
4 16
5 27
5 18
5 36
5 32
5 20
5 20
6 15
6 28
6 10
6 22
6 15
6 13
7 20
7 35
7 14
7 26
7 34
7 10
8 19
8 12
8 33
8 14
8 33
8 12
9 30
9 31
9 12
9 11
9 20
9 36
10 27
10 28
10 33
10 33
10 23
10 32
11 34
11 28
11 33
11 34
11 21
11 36
12 35
12 22
12 32
12 30
12 19
12 28
13 19
13 28
13 21
13 34
13 21
13 33
14 34
14 33
14 26
14 25
14 25
14 27
15 33
15 31
15 34
15 30
15 27
15 20
16 25
16 25
16 27
16 19
16 20
16 29
17 35
17 19
17 31
17 30
17 28
17 29
18 21
18 29
18 36
18 22
18 24
18 21
19 34
19 28
19 35
19 30
19 35
19 30
20 36
20 29
20 34
20 33
20 29
20 33
21 32
21 34
21 28
21 32
21 34
21 30
22 31
22 30
22 28
22 32
22 31
22 35
23 33
23 31
23 34
23 33
23 32
23 30
24 33
24 30
24 29
24 31
24 30
24 36
25 31
25 30
25 28
25 28
25 35
25 30
26 32
26 31
26 34
26 30
26 33
26 29
27 30
27 34
27 32
27 30
27 30
27 35
