32
185
0 1
0 2
0 3
0 4
0 5
26 31
27 31
28 31
29 31
30 31
1 15
1 20
1 21
1 16
1 6
1 6
1 12
2 7
2 6
2 18
2 9
2 9
2 20
2 10
3 14
3 9
3 25
3 15
3 25
3 17
3 8
4 11
4 13
4 17
4 23
4 15
4 28
4 21
5 26
5 16
5 21
5 13
5 30
5 13
5 23
6 27
6 29
6 12
6 13
6 11
6 14
6 13
7 29
7 18
7 25
7 27
7 24
7 29
7 21
8 25
8 20
8 18
8 30
8 18
8 26
8 12
9 24
9 18
9 29
9 11
9 20
9 26
9 23
10 22
10 14
10 23
10 18
10 24
10 24
10 13
11 29
11 19
11 17
11 22
11 27
11 16
11 25
12 22
12 25
12 17
12 21
12 16
12 25
12 30
13 20
13 27
13 24
13 28
13 25
13 22
13 26
14 29
14 25
14 28
14 20
14 28
14 22
14 30
15 21
15 25
15 24
15 19
15 29
15 25
15 17
16 22
16 26
16 26
16 25
16 27
16 27
16 30
17 27
17 28
17 26
17 27
17 25
17 24
17 21
18 21
18 23
18 26
18 24
18 29
18 26
18 21
19 26
19 27
19 27
19 28
19 24
19 25
19 21
20 29
20 21
20 29
20 22
20 26
20 24
20 26
21 27
21 27
21 30
21 26
21 27
21 27
21 29
22 26
22 28
22 29
22 26
22 27
22 27
22 26
23 30
23 27
23 28
23 30
23 30
23 26
23 27
24 30
24 30
24 29
24 28
24 26
24 27
24 29
25 28
25 27
25 26
25 27
25 30
25 27
25 29
