44
294
0 1
0 2
0 3
0 4
0 5
0 6
0 7
36 43
37 43
38 43
39 43
40 43
41 43
42 43
1 39
1 24
1 27
1 8
1 9
1 24
1 31
1 38
2 15
2 31
2 38
2 39
2 14
2 13
2 32
2 9
3 40
3 12
3 42
3 33
3 14
3 42
3 37
3 16
4 10
4 13
4 24
4 11
4 40
4 9
4 18
4 14
5 37
5 14
5 26
5 38
5 31
5 14
5 10
5 38
6 37
6 17
6 34
6 8
6 23
6 23
6 21
6 32
7 39
7 33
7 23
7 22
7 32
7 29
7 30
7 12
8 18
8 37
8 20
8 37
8 17
8 17
8 41
8 32
9 21
9 31
9 19
9 37
9 37
9 28
9 16
9 15
10 17
10 40
10 42
10 30
10 25
10 27
10 17
10 28
11 22
11 25
11 28
11 38
11 38
11 27
11 26
11 41
12 21
12 31
12 19
12 35
12 17
12 17
12 25
12 24
13 17
13 41
13 30
13 39
13 26
13 32
13 24
13 40
14 41
14 23
14 39
14 24
14 19
14 42
14 21
14 27
15 29
15 40
15 36
15 31
15 31
15 26
15 35
15 29
16 33
16 32
16 35
16 36
16 26
16 36
16 29
16 40
17 27
17 28
17 42
17 23
17 31
17 30
17 27
17 28
18 31
18 31
18 23
18 35
18 42
18 27
18 33
18 28
19 24
19 24
19 36
19 32
19 26
19 28
19 39
19 38
20 36
20 29
20 29
20 38
20 23
20 34
20 36
20 26
21 40
21 35
21 27
21 27
21 22
21 33
21 33
21 31
22 40
22 39
22 35
22 32
22 37
22 40
22 29
22 40
23 33
23 29
23 41
23 31
23 40
23 35
23 31
23 41
24 42
24 38
24 41
24 41
24 41
24 34
24 32
24 31
25 38
25 37
25 36
25 38
25 39
25 38
25 38
25 34
26 34
26 31
26 35
26 29
26 40
26 36
26 38
26 42
27 36
27 34
27 30
27 34
27 40
27 30
27 30
27 37
28 37
28 42
28 36
28 35
28 34
28 37
28 36
28 41
29 36
29 36
29 37
29 38
29 37
29 37
29 36
29 42
30 37
30 36
30 40
30 39
30 36
30 40
30 39
30 41
31 36
31 38
31 37
31 40
31 40
31 38
31 40
31 39
32 36
32 40
32 39
32 39
32 39
32 39
32 37
32 39
33 37
33 38
33 39
33 38
33 38
33 40
33 36
33 37
34 38
34 38
34 41
34 36
34 41
34 42
34 41
34 41
35 37
35 41
35 39
35 39
35 36
35 41
35 36
35 36
