22
168
0 1
0 2
0 3
0 4
17 21
18 21
19 21
20 21
1 16
1 5
1 9
1 9
1 6
1 19
1 14
1 17
1 15
1 9
2 17
2 7
2 16
2 5
2 20
2 16
2 8
2 18
2 8
2 5
3 13
3 12
3 10
3 17
3 16
3 20
3 7
3 14
3 15
3 16
4 18
4 10
4 16
4 6
4 15
4 17
4 20
4 8
4 13
4 14
5 17
5 13
5 16
5 16
5 14
5 11
5 11
5 13
5 13
5 19
6 9
6 9
6 18
6 18
6 14
6 9
6 17
6 12
6 15
6 20
7 11
7 20
7 13
7 14
7 13
7 15
7 14
7 20
7 11
7 19
8 18
8 11
8 15
8 17
8 10
8 12
8 12
8 13
8 17
8 20
9 19
9 17
9 16
9 20
9 15
9 13
9 17
9 19
9 20
9 15
10 18
10 14
10 18
10 15
10 19
10 14
10 13
10 13
10 17
10 15
11 15
11 14
11 17
11 13
11 15
11 15
11 17
11 18
11 19
11 13
12 13
12 17
12 17
12 16
12 16
12 19
12 17
12 20
12 18
12 16
13 18
13 19
13 18
13 19
13 17
13 20
13 20
13 18
13 20
13 17
14 20
14 18
14 18
14 17
14 19
14 20
14 19
14 19
14 17
14 17
15 19
15 17
15 17
15 19
15 17
15 20
15 18
15 17
15 20
15 19
16 20
16 17
16 17
16 17
16 20
16 18
16 17
16 19
16 19
16 20
