74
207
0 1
0 2
0 3
0 4
0 5
0 6
0 7
0 8
0 9
64 73
65 73
66 73
67 73
68 73
69 73
70 73
71 73
72 73
1 27
1 17
1 70
2 31
2 12
2 10
3 18
3 67
3 14
4 67
4 47
4 25
5 44
5 40
5 16
6 22
6 52
6 27
7 39
7 26
7 29
8 23
8 19
8 11
9 15
9 13
9 68
10 66
10 50
10 68
11 72
11 21
11 57
12 61
12 51
12 57
13 61
13 41
13 33
14 20
14 42
14 32
15 24
15 32
15 63
16 46
16 62
16 31
17 61
17 35
17 63
18 43
18 30
18 45
19 42
19 52
19 55
20 72
20 36
20 51
21 31
21 36
21 44
22 61
22 60
22 67
23 34
23 64
23 69
24 40
24 28
24 57
25 35
25 31
25 52
26 32
26 68
26 48
27 42
27 45
27 56
28 42
28 51
28 38
29 50
29 57
29 44
30 60
30 65
30 42
31 45
31 66
31 57
32 52
32 52
32 60
33 71
33 41
33 51
34 40
34 42
34 58
35 49
35 38
35 71
36 53
36 61
36 37
37 63
37 64
37 72
38 71
38 69
38 58
39 63
39 63
39 69
40 69
40 48
40 68
41 54
41 72
41 50
42 56
42 51
42 66
43 52
43 49
43 61
44 46
44 50
44 66
45 57
45 52
45 67
46 64
46 66
46 71
47 62
47 56
47 70
48 68
48 72
48 55
49 71
49 72
49 72
50 56
50 57
50 72
51 67
51 65
51 62
52 72
52 57
52 65
53 56
53 70
53 66
54 60
54 59
54 71
55 69
55 70
55 66
56 70
56 68
56 68
57 69
57 66
57 70
58 64
58 69
58 67
59 64
59 67
59 66
60 64
60 69
60 66
61 70
61 72
61 67
62 67
62 69
62 67
63 68
63 68
63 64
