37
238
0 1
0 2
0 3
0 4
0 5
0 6
0 7
29 36
30 36
31 36
32 36
33 36
34 36
35 36
1 14
1 24
1 20
1 10
1 22
1 9
1 35
1 27
2 11
2 34
2 20
2 11
2 24
2 13
2 31
2 34
3 27
3 11
3 31
3 34
3 31
3 12
3 15
3 31
4 16
4 25
4 25
4 24
4 29
4 25
4 27
4 35
5 13
5 12
5 10
5 27
5 25
5 21
5 31
5 28
6 20
6 15
6 15
6 20
6 33
6 10
6 18
6 8
7 13
7 25
7 18
7 20
7 29
7 26
7 16
7 21
8 27
8 17
8 30
8 21
8 27
8 15
8 32
8 18
9 17
9 27
9 21
9 34
9 34
9 23
9 26
9 23
10 15
10 20
10 35
10 31
10 34
10 15
10 24
10 24
11 19
11 20
11 27
11 31
11 15
11 19
11 17
11 28
12 21
12 30
12 32
12 31
12 28
12 28
12 32
12 28
13 18
13 16
13 26
13 35
13 24
13 15
13 20
13 22
14 18
14 17
14 17
14 35
14 17
14 24
14 21
14 19
15 28
15 34
15 34
15 28
15 24
15 29
15 32
15 22
16 35
16 35
16 29
16 33
16 33
16 26
16 25
16 27
17 27
17 30
17 33
17 27
17 35
17 31
17 35
17 24
18 33
18 28
18 35
18 33
18 22
18 35
18 24
18 28
19 33
19 22
19 32
19 33
19 27
19 29
19 33
19 24
20 26
20 27
20 35
20 35
20 29
20 25
20 26
20 32
21 31
21 35
21 23
21 30
21 28
21 34
21 30
21 23
22 32
22 34
22 35
22 32
22 33
22 35
22 29
22 35
23 33
23 32
23 31
23 29
23 30
23 35
23 31
23 35
24 31
24 31
24 32
24 29
24 32
24 30
24 32
24 34
25 34
25 32
25 33
25 34
25 30
25 32
25 35
25 31
26 30
26 32
26 34
26 33
26 31
26 34
26 30
26 33
27 29
27 32
27 33
27 30
27 30
27 34
27 29
27 30
28 34
28 31
28 31
28 30
28 32
28 32
28 33
28 35
