58
357
0 1
0 2
0 3
0 4
0 5
0 6
0 7
50 57
51 57
52 57
53 57
54 57
55 57
56 57
1 11
1 12
1 42
1 38
1 8
1 9
1 40
2 49
2 10
2 30
2 33
2 43
2 13
2 34
3 19
3 28
3 31
3 24
3 29
3 19
3 32
4 25
4 25
4 44
4 14
4 16
4 37
4 33
5 56
5 56
5 33
5 15
5 16
5 23
5 45
6 16
6 24
6 34
6 13
6 26
6 12
6 43
7 17
7 22
7 20
7 33
7 42
7 44
7 55
8 33
8 18
8 42
8 49
8 42
8 51
8 18
9 21
9 15
9 48
9 39
9 26
9 45
9 18
10 20
10 32
10 39
10 42
10 48
10 16
10 18
11 15
11 35
11 51
11 15
11 21
11 50
11 39
12 47
12 56
12 44
12 21
12 17
12 29
12 55
13 43
13 21
13 16
13 49
13 21
13 48
13 31
14 32
14 36
14 32
14 37
14 54
14 56
14 21
15 22
15 30
15 22
15 28
15 48
15 51
15 33
16 45
16 35
16 22
16 33
16 27
16 23
16 38
17 56
17 22
17 29
17 28
17 49
17 50
17 39
18 56
18 41
18 39
18 22
18 39
18 49
18 38
19 29
19 39
19 49
19 42
19 24
19 49
19 25
20 27
20 43
20 36
20 28
20 22
20 49
20 39
21 39
21 27
21 55
21 38
21 27
21 40
21 56
22 32
22 45
22 43
22 50
22 34
22 53
22 29
23 44
23 36
23 29
23 36
23 47
23 49
23 56
24 56
24 34
24 43
24 41
24 33
24 55
24 47
25 40
25 47
25 34
25 50
25 30
25 38
25 37
26 49
26 40
26 41
26 36
26 56
26 56
26 41
27 33
27 36
27 42
27 48
27 44
27 54
27 39
28 46
28 47
28 38
28 29
28 36
28 36
28 41
29 54
29 49
29 43
29 37
29 37
29 47
29 50
30 38
30 49
30 42
30 36
30 39
30 52
30 43
31 50
31 51
31 56
31 47
31 36
31 46
31 50
32 49
32 50
32 40
32 45
32 45
32 40
32 38
33 39
33 39
33 42
33 36
33 52
33 47
33 36
34 53
34 37
34 48
34 54
34 48
34 54
34 54
35 51
35 47
35 38
35 42
35 40
35 56
35 51
36 54
36 43
36 43
36 46
36 44
36 54
36 55
37 44
37 56
37 48
37 54
37 52
37 54
37 46
38 52
38 45
38 44
38 47
38 51
38 56
38 51
39 43
39 44
39 53
39 56
39 48
39 48
39 49
40 52
40 46
40 50
40 49
40 46
40 50
40 50
41 45
41 45
41 46
41 47
41 43
41 52
41 56
42 52
42 47
42 45
42 48
42 49
42 46
42 50
43 56
43 52
43 51
43 56
43 51
43 52
43 55
44 50
44 50
44 52
44 50
44 51
44 51
44 50
45 55
45 51
45 55
45 50
45 52
45 52
45 52
46 52
46 54
46 52
46 52
46 51
46 52
46 55
47 56
47 56
47 55
47 55
47 56
47 54
47 52
48 56
48 56
48 50
48 56
48 55
48 51
48 56
49 56
49 52
49 54
49 52
49 51
49 53
49 51
