72
440
0 1
0 2
0 3
0 4
0 5
0 6
0 7
0 8
0 9
0 10
61 71
62 71
63 71
64 71
65 71
66 71
67 71
68 71
69 71
70 71
1 29
1 52
1 24
1 20
1 64
1 67
1 46
2 13
2 30
2 17
2 60
2 21
2 15
2 57
3 36
3 30
3 33
3 52
3 25
3 26
3 57
4 40
4 47
4 47
4 62
4 24
4 32
4 35
5 32
5 37
5 46
5 50
5 18
5 59
5 52
6 11
6 47
6 19
6 14
6 59
6 25
6 55
7 61
7 22
7 42
7 26
7 41
7 64
7 59
8 55
8 12
8 37
8 16
8 40
8 13
8 67
9 53
9 27
9 23
9 67
9 53
9 58
9 38
10 60
10 38
10 19
10 53
10 15
10 19
10 56
11 33
11 64
11 70
11 43
11 65
11 43
11 60
12 65
12 29
12 40
12 61
12 70
12 67
12 56
13 29
13 49
13 44
13 64
13 25
13 68
13 60
14 37
14 26
14 67
14 27
14 23
14 38
14 69
15 69
15 26
15 46
15 33
15 69
15 47
15 57
16 65
16 70
16 46
16 61
16 30
16 66
16 51
17 29
17 64
17 38
17 37
17 42
17 63
17 32
18 47
18 61
18 21
18 65
18 68
18 70
18 23
19 70
19 37
19 23
19 21
19 42
19 50
19 33
20 43
20 27
20 70
20 37
20 28
20 47
20 28
21 67
21 64
21 70
21 55
21 37
21 40
21 43
22 69
22 62
22 47
22 47
22 42
22 37
22 33
23 59
23 38
23 66
23 41
23 34
23 38
23 63
24 66
24 40
24 65
24 60
24 36
24 66
24 66
25 55
25 43
25 45
25 51
25 68
25 45
25 67
26 35
26 46
26 31
26 65
26 37
26 39
26 41
27 41
27 38
27 43
27 69
27 45
27 70
27 31
28 49
28 70
28 63
28 36
28 39
28 50
28 65
29 36
29 45
29 52
29 60
29 49
29 67
29 32
30 47
30 33
30 68
30 51
30 48
30 60
30 45
31 66
31 49
31 57
31 66
31 66
31 49
31 67
32 60
32 61
32 67
32 50
32 60
32 62
32 47
33 48
33 41
33 41
33 53
33 67
33 55
33 62
34 66
34 61
34 65
34 52
34 55
34 44
34 54
35 44
35 53
35 68
35 69
35 53
35 46
35 65
36 70
36 54
36 53
36 52
36 66
36 49
36 61
37 55
37 62
37 60
37 54
37 62
37 60
37 66
38 59
38 66
38 49
38 46
38 48
38 65
38 57
39 62
39 68
39 70
39 57
39 51
39 59
39 56
40 55
40 64
40 42
40 55
40 69
40 54
40 66
41 65
41 54
41 68
41 51
41 66
41 67
41 65
42 69
42 59
42 62
42 59
42 64
42 53
42 54
43 64
43 57
43 62
43 67
43 65
43 51
43 64
44 57
44 51
44 61
44 51
44 54
44 52
44 57
45 65
45 57
45 62
45 59
45 52
45 52
45 51
46 59
46 60
46 65
46 58
46 68
46 69
46 66
47 54
47 63
47 62
47 67
47 69
47 53
47 63
48 55
48 66
48 68
48 61
48 66
48 58
48 54
49 62
49 51
49 60
49 56
49 57
49 64
49 56
50 51
50 65
50 56
50 59
50 54
50 63
50 66
51 64
51 63
51 64
51 67
51 65
51 67
51 65
52 65
52 69
52 69
52 70
52 64
52 67
52 62
53 62
53 66
53 65
53 63
53 67
53 67
53 70
54 65
54 70
54 65
54 65
54 66
54 62
54 64
55 69
55 64
55 61
55 64
55 68
55 66
55 62
56 62
56 62
56 66
56 69
56 61
56 67
56 68
57 66
57 65
57 61
57 67
57 70
57 68
57 61
58 66
58 64
58 70
58 63
58 65
58 66
58 67
59 70
59 68
59 62
59 70
59 63
59 63
59 66
60 61
60 70
60 67
60 64
60 62
60 63
60 62
