17
102
0 1
0 2
0 3
13 16
14 16
15 16
1 11
1 14
1 13
1 11
1 9
1 11
1 14
1 4
2 13
2 5
2 6
2 11
2 6
2 11
2 15
2 14
3 4
3 10
3 8
3 8
3 15
3 12
3 7
3 13
4 15
4 15
4 15
4 11
4 8
4 8
4 12
4 7
5 7
5 10
5 12
5 10
5 8
5 14
5 11
5 14
6 13
6 7
6 7
6 9
6 12
6 11
6 12
6 9
7 15
7 10
7 15
7 14
7 11
7 12
7 12
7 13
8 12
8 12
8 14
8 11
8 13
8 13
8 12
8 13
9 12
9 15
9 14
9 13
9 11
9 15
9 10
9 13
10 13
10 13
10 15
10 13
10 15
10 15
10 13
10 15
11 14
11 13
11 13
11 15
11 15
11 13
11 13
11 15
12 15
12 14
12 13
12 13
12 15
12 13
12 14
12 14
