51
308
0 1
0 2
0 3
0 4
0 5
0 6
0 7
43 50
44 50
45 50
46 50
47 50
48 50
49 50
1 44
1 17
1 14
1 48
1 22
1 20
1 27
2 48
2 46
2 44
2 31
2 45
2 21
2 29
3 32
3 18
3 46
3 25
3 40
3 47
3 21
4 20
4 45
4 33
4 28
4 45
4 17
4 13
5 36
5 42
5 48
5 29
5 10
5 12
5 27
6 22
6 24
6 45
6 20
6 18
6 39
6 43
7 11
7 8
7 22
7 34
7 19
7 16
7 9
8 23
8 46
8 34
8 19
8 21
8 36
8 46
9 35
9 17
9 36
9 47
9 15
9 27
9 33
10 45
10 25
10 16
10 15
10 18
10 16
10 27
11 41
11 19
11 25
11 42
11 38
11 24
11 33
12 35
12 18
12 46
12 20
12 27
12 42
12 37
13 45
13 29
13 33
13 30
13 43
13 31
13 39
14 43
14 44
14 35
14 15
14 31
14 48
14 15
15 39
15 35
15 25
15 30
15 44
15 22
15 35
16 25
16 31
16 37
16 44
16 32
16 41
16 33
17 49
17 38
17 34
17 23
17 45
17 23
17 43
18 39
18 46
18 38
18 23
18 45
18 30
18 45
19 26
19 49
19 43
19 44
19 34
19 47
19 36
20 28
20 31
20 49
20 43
20 40
20 37
20 37
21 34
21 40
21 33
21 34
21 28
21 45
21 47
22 31
22 44
22 32
22 46
22 48
22 41
22 40
23 34
23 42
23 47
23 46
23 46
23 34
23 47
24 44
24 36
24 33
24 48
24 45
24 47
24 34
25 40
25 46
25 48
25 29
25 36
25 31
25 46
26 49
26 38
26 37
26 49
26 31
26 38
26 45
27 48
27 29
27 34
27 32
27 42
27 31
27 49
28 36
28 34
28 44
28 30
28 41
28 49
28 47
29 41
29 44
29 43
29 38
29 38
29 48
29 44
30 38
30 48
30 47
30 42
30 42
30 46
30 49
31 44
31 48
31 42
31 47
31 39
31 40
31 36
32 43
32 48
32 43
32 43
32 46
32 44
32 49
33 43
33 41
33 39
33 48
33 47
33 47
33 49
34 49
34 43
34 41
34 49
34 40
34 38
34 42
35 44
35 47
35 39
35 36
35 43
35 45
35 47
36 47
36 48
36 47
36 47
36 46
36 45
36 48
37 47
37 45
37 47
37 47
37 48
37 49
37 44
38 46
38 46
38 48
38 43
38 44
38 46
38 43
39 48
39 48
39 49
39 47
39 43
39 45
39 47
40 44
40 45
40 44
40 46
40 48
40 47
40 43
41 49
41 49
41 46
41 47
41 49
41 44
41 49
42 48
42 48
42 48
42 49
42 49
42 46
42 49
