30
203
0 1
0 2
0 3
0 4
0 5
0 6
0 7
22 29
23 29
24 29
25 29
26 29
27 29
28 29
1 9
1 12
1 17
1 27
1 16
1 18
1 18
1 17
1 23
2 18
2 10
2 27
2 28
2 12
2 28
2 15
2 11
2 23
3 24
3 24
3 25
3 22
3 20
3 17
3 10
3 13
3 13
4 21
4 9
4 27
4 13
4 8
4 11
4 20
4 25
4 17
5 9
5 15
5 24
5 24
5 23
5 26
5 20
5 22
5 28
6 18
6 28
6 10
6 10
6 23
6 25
6 27
6 15
6 16
7 16
7 17
7 19
7 19
7 9
7 18
7 17
7 14
7 19
8 20
8 25
8 20
8 27
8 26
8 18
8 22
8 27
8 18
9 17
9 18
9 25
9 24
9 19
9 15
9 24
9 15
9 22
10 25
10 27
10 15
10 19
10 19
10 22
10 24
10 23
10 16
11 27
11 19
11 27
11 15
11 22
11 23
11 19
11 21
11 19
12 22
12 26
12 15
12 25
12 15
12 16
12 20
12 22
12 21
13 18
13 15
13 21
13 23
13 26
13 17
13 21
13 28
13 22
14 28
14 21
14 16
14 27
14 18
14 18
14 26
14 18
14 26
15 25
15 27
15 23
15 27
15 26
15 25
15 27
15 27
15 23
16 22
16 23
16 23
16 26
16 27
16 22
16 25
16 26
16 26
17 25
17 26
17 25
17 25
17 25
17 25
17 25
17 24
17 26
18 26
18 26
18 27
18 28
18 27
18 26
18 22
18 26
18 23
19 24
19 22
19 28
19 25
19 22
19 28
19 27
19 24
19 26
20 25
20 25
20 23
20 22
20 22
20 25
20 23
20 25
20 22
21 24
21 26
21 22
21 28
21 24
21 24
21 27
21 23
21 22
