44
329
0 1
0 2
0 3
0 4
0 5
0 6
0 7
36 43
37 43
38 43
39 43
40 43
41 43
42 43
1 16
1 15
1 9
1 23
1 40
1 12
1 8
1 23
1 29
2 11
2 38
2 12
2 27
2 22
2 24
2 21
2 36
2 35
3 11
3 14
3 40
3 20
3 37
3 25
3 13
3 17
3 32
4 9
4 28
4 32
4 19
4 37
4 40
4 33
4 29
4 14
5 14
5 41
5 30
5 35
5 9
5 25
5 39
5 28
5 16
6 32
6 18
6 9
6 36
6 22
6 16
6 33
6 11
6 10
7 15
7 28
7 19
7 16
7 29
7 39
7 18
7 18
7 10
8 41
8 27
8 29
8 33
8 40
8 20
8 18
8 39
8 21
9 40
9 40
9 41
9 21
9 27
9 38
9 22
9 21
9 22
10 30
10 32
10 30
10 16
10 31
10 36
10 32
10 30
10 34
11 20
11 38
11 37
11 15
11 36
11 21
11 42
11 39
11 30
12 19
12 42
12 38
12 38
12 24
12 35
12 20
12 30
12 20
13 27
13 21
13 38
13 34
13 21
13 39
13 33
13 22
13 27
14 38
14 40
14 27
14 30
14 17
14 22
14 36
14 29
14 28
15 34
15 40
15 31
15 35
15 24
15 42
15 24
15 38
15 30
16 35
16 22
16 36
16 24
16 28
16 36
16 40
16 31
16 40
17 23
17 41
17 38
17 26
17 36
17 35
17 29
17 37
17 28
18 30
18 31
18 41
18 36
18 41
18 36
18 22
18 33
18 36
19 42
19 33
19 31
19 30
19 26
19 32
19 23
19 26
19 36
20 35
20 24
20 24
20 32
20 23
20 22
20 28
20 27
20 35
21 39
21 35
21 29
21 23
21 41
21 36
21 40
21 32
21 34
22 40
22 32
22 37
22 34
22 38
22 34
22 34
22 30
22 29
23 37
23 37
23 41
23 35
23 36
23 34
23 36
23 31
23 35
24 41
24 42
24 38
24 33
24 36
24 42
24 41
24 30
24 38
25 39
25 32
25 41
25 29
25 42
25 42
25 35
25 31
25 36
26 38
26 36
26 37
26 39
26 29
26 31
26 35
26 35
26 37
27 40
27 42
27 39
27 30
27 41
27 38
27 37
27 31
27 31
28 37
28 41
28 31
28 32
28 36
28 32
28 29
28 36
28 31
29 42
29 40
29 40
29 40
29 42
29 41
29 42
29 36
29 39
30 42
30 42
30 38
30 36
30 37
30 38
30 37
30 36
30 41
31 39
31 38
31 36
31 40
31 39
31 40
31 40
31 40
31 40
32 36
32 40
32 38
32 37
32 38
32 42
32 39
32 42
32 41
33 37
33 39
33 42
33 38
33 37
33 39
33 41
33 37
33 41
34 41
34 39
34 41
34 39
34 40
34 41
34 37
34 42
34 37
35 41
35 39
35 40
35 36
35 38
35 37
35 38
35 39
35 37
