38
234
0 1
0 2
0 3
0 4
0 5
0 6
0 7
0 8
0 9
28 37
29 37
30 37
31 37
32 37
33 37
34 37
35 37
36 37
1 29
1 26
1 28
1 35
1 24
1 35
1 29
1 22
2 16
2 20
2 33
2 14
2 15
2 17
2 15
2 14
3 16
3 10
3 35
3 20
3 18
3 36
3 34
3 16
4 27
4 18
4 36
4 32
4 20
4 20
4 15
4 28
5 10
5 22
5 15
5 13
5 20
5 35
5 14
5 26
6 34
6 10
6 19
6 12
6 33
6 14
6 33
6 12
7 30
7 31
7 12
7 11
7 20
7 36
7 18
7 10
8 33
8 33
8 32
8 32
8 16
8 10
8 24
8 16
9 12
9 18
9 35
9 22
9 32
9 12
9 28
9 19
10 19
10 28
10 21
10 34
10 21
10 33
10 34
10 33
11 26
11 25
11 25
11 27
11 33
11 31
11 34
11 30
12 27
12 20
12 25
12 25
12 27
12 19
12 20
12 29
13 35
13 19
13 31
13 30
13 28
13 29
13 21
13 29
14 36
14 22
14 24
14 21
14 34
14 19
14 35
14 21
15 26
15 21
15 27
15 20
15 34
15 24
15 29
15 24
16 23
16 34
16 28
16 32
16 34
16 30
16 22
16 30
17 28
17 32
17 22
17 35
17 24
17 22
17 25
17 24
18 23
18 30
18 24
18 21
18 29
18 22
18 21
18 36
19 31
19 30
19 28
19 28
19 35
19 30
19 32
19 31
20 34
20 30
20 33
20 29
20 30
20 34
20 32
20 30
21 30
21 35
21 36
21 33
21 29
21 33
21 29
21 32
22 36
22 32
22 34
22 35
22 33
22 36
22 34
22 28
23 36
23 32
23 28
23 35
23 32
23 30
23 36
23 29
24 33
24 30
24 31
24 35
24 36
24 35
24 36
24 29
25 31
25 35
25 33
25 30
25 31
25 34
25 34
25 28
26 30
26 29
26 35
26 35
26 36
26 30
26 33
26 35
27 35
27 32
27 31
27 28
27 34
27 28
27 30
27 28
