26
148
0 1
0 2
0 3
0 4
21 25
22 25
23 25
24 25
1 6
1 15
1 18
1 19
1 5
1 8
1 24
2 6
2 24
2 21
2 24
2 18
2 18
2 13
3 15
3 20
3 11
3 11
3 9
3 5
3 15
4 9
4 21
4 7
4 21
4 12
4 10
4 21
5 20
5 11
5 16
5 13
5 13
5 21
5 20
6 18
6 9
6 19
6 15
6 12
6 23
6 14
7 10
7 21
7 18
7 16
7 12
7 16
7 18
8 9
8 12
8 12
8 13
8 12
8 18
8 13
9 24
9 15
9 13
9 23
9 13
9 17
9 23
10 18
10 21
10 14
10 19
10 21
10 17
10 13
11 21
11 15
11 14
11 22
11 15
11 20
11 17
12 15
12 15
12 18
12 15
12 15
12 13
12 15
13 18
13 22
13 20
13 17
13 21
13 20
13 19
14 21
14 20
14 18
14 18
14 17
14 19
14 24
15 21
15 23
15 20
15 21
15 18
15 22
15 22
16 24
16 17
16 22
16 18
16 19
16 23
16 20
17 21
17 23
17 23
17 23
17 21
17 22
17 23
18 21
18 21
18 22
18 21
18 21
18 23
18 23
19 21
19 21
19 22
19 21
19 24
19 22
19 22
20 21
20 23
20 23
20 24
20 23
20 21
20 22
