18
116
0 1
0 2
0 3
0 4
13 17
14 17
15 17
16 17
1 12
1 15
1 14
1 12
1 10
1 12
1 15
1 5
1 14
2 6
2 7
2 12
2 7
2 12
2 16
2 15
2 5
2 11
3 9
3 9
3 16
3 13
3 8
3 14
3 7
3 7
3 7
4 12
4 12
4 12
4 10
4 11
4 11
4 11
4 10
4 8
5 10
5 9
5 12
5 11
5 14
5 14
5 14
5 16
5 9
6 10
6 15
6 13
6 12
6 11
6 14
6 15
6 12
6 13
7 13
7 10
7 15
7 11
7 13
7 10
7 10
7 14
7 13
8 16
8 9
8 10
8 15
8 10
8 10
8 10
8 13
8 16
9 15
9 14
9 15
9 16
9 15
9 13
9 16
9 15
9 16
10 13
10 13
10 15
10 13
10 13
10 16
10 16
10 15
10 16
11 13
11 13
11 13
11 13
11 16
11 13
11 15
11 15
11 15
12 16
12 16
12 15
12 15
12 15
12 16
12 14
12 14
12 15
